0.000000
0.000000
-0.000132
-0.000352
-0.000658
-0.001049
-0.001523
-0.002078
-0.002712
-0.003422
-0.004207
-0.005061
-0.005983
-0.006969
-0.008014
-0.009115
-0.010268
-0.011468
-0.012711
-0.013992
-0.015305
-0.016647
-0.018012
-0.019395
-0.020790
-0.022193
-0.023598
-0.025000
-0.026394
-0.027774
-0.029134
-0.030471
-0.031779
-0.033053
-0.034289
-0.035481
-0.036625
-0.037717
-0.038753
-0.039730
-0.040642
-0.041488
-0.042264
-0.042968
-0.043596
-0.044146
-0.044617
-0.045008
-0.045316
-0.045540
-0.045681
-0.045738
-0.045711
-0.045601
-0.045407
-0.045131
-0.044775
-0.044340
-0.043828
-0.043241
-0.042582
-0.041854
-0.041059
-0.040202
-0.039284
-0.038312
-0.037287
-0.036215
-0.035099
-0.033944
-0.032756
-0.031537
-0.030294
-0.029030
-0.027751
-0.026462
-0.025168
-0.023873
-0.022583
-0.021302
-0.020034
-0.018786
-0.017561
-0.016364
-0.015199
-0.014071
-0.012983
-0.011940
-0.010944
-0.010000
-0.009111
-0.008281
-0.007511
-0.006804
-0.006163
-0.005591
-0.005088
-0.004656
-0.004298
-0.004013
-0.003802
-0.003667
-0.003608
-0.003624
-0.003715
-0.003880
-0.004119
-0.004431
-0.004814
-0.005266
-0.005786
-0.006372
-0.007021
-0.007731
-0.008499
-0.009322
-0.010196
-0.011119
-0.012087
-0.013096
-0.014142
-0.015221
-0.016330
-0.017463
-0.018618
-0.019788
-0.020971
-0.022161
-0.023353
-0.024545
-0.025730
-0.026905
-0.028064
-0.029205
-0.030322
-0.031411
-0.032469
-0.033490
-0.034472
-0.035411
-0.036304
-0.037146
-0.037935
-0.038668
-0.039343
-0.039957
-0.040507
-0.040992
-0.041411
-0.041761
-0.042041
-0.042252
-0.042392
-0.042460
-0.042457
-0.042383
-0.042239
-0.042025
-0.041742
-0.041392
-0.040977
-0.040497
-0.039956
-0.039355
-0.038697
-0.037985
-0.037221
-0.036409
-0.035553
-0.034655
-0.033718
-0.032748
-0.031748
-0.030721
-0.029671
-0.028604
-0.027522
-0.026430
-0.025332
-0.024232
-0.023135
-0.022045
-0.020965
-0.019900
-0.018853
-0.017829
-0.016831
-0.015863
-0.014929
-0.014031
-0.013173
-0.012358
-0.011589
-0.010868
-0.010198
-0.009582
-0.009021
-0.008517
-0.008072
-0.007688
-0.007365
-0.007105
-0.006908
-0.006775
-0.006706
-0.006701
-0.006760
-0.006883
-0.007069
-0.007316
-0.007625
-0.007993
-0.008420
-0.008902
-0.009439
-0.010028
-0.010667
-0.011354
-0.012085
-0.012858
-0.013670
-0.014518
-0.015398
-0.016308
-0.017243
-0.018200
-0.019176
-0.020167
-0.021169
-0.022178
-0.023190
-0.024202
-0.025210
-0.026210
-0.027198
-0.028171
-0.029124
-0.030055
-0.030960
-0.031835
-0.032678
-0.033485
-0.034253
-0.034979
-0.035661
-0.036296
-0.036882
-0.037417
-0.037898
-0.038325
-0.038696
-0.039009
-0.039263
-0.039458
-0.039593
-0.039668
-0.039682
-0.039636
-0.039531
-0.039366
-0.039142
-0.038861
-0.038524
-0.038133
-0.037688
-0.037193
-0.036648
-0.036057
-0.035421
-0.034744
-0.034028
-0.033276
-0.032491
-0.031675
-0.030833
-0.029968
-0.029083
-0.028181
-0.027266
-0.026341
-0.025410
-0.024477
-0.023544
-0.022616
-0.021697
-0.020788
-0.019895
-0.019019
-0.018165
-0.017335
-0.016533
-0.015761
-0.015022
-0.014319
-0.013654
-0.013029
-0.012448
-0.011911
-0.011421
-0.010979
-0.010586
-0.010245
-0.009956
-0.009719
-0.009537
-0.009408
-0.009334
-0.009315
-0.009350
-0.009439
-0.009582
-0.009778
-0.010026
-0.010325
-0.010674
-0.011071
-0.011515
-0.012003
-0.012535
-0.013107
-0.013719
-0.014366
-0.015047
-0.015759
-0.016500
-0.017266
-0.018055
-0.018863
-0.019688
-0.020526
-0.021374
-0.022229
-0.023088
-0.023948
-0.024805
-0.025656
-0.026497
-0.027327
-0.028141
-0.028936
-0.029710
-0.030460
-0.031183
-0.031876
-0.032537
-0.033162
-0.033751
-0.034301
-0.034809
-0.035275
-0.035696
-0.036071
-0.036398
-0.036677
-0.036906
-0.037085
-0.037214
-0.037291
-0.037318
-0.037293
-0.037217
-0.037091
-0.036915
-0.036690
-0.036418
-0.036098
-0.035734
-0.035325
-0.034875
-0.034384
-0.033855
-0.033291
-0.032692
-0.032062
-0.031404
-0.030719
-0.030010
-0.029281
-0.028535
-0.027773
-0.026999
-0.026216
-0.025427
-0.024635
-0.023843
-0.023054
-0.022271
-0.021496
-0.020734
-0.019985
-0.019255
-0.018544
-0.017855
-0.017192
-0.016556
-0.015950
-0.015376
-0.014836
-0.014331
-0.013864
-0.013436
-0.013049
-0.012704
-0.012401
-0.012143
-0.011930
-0.011762
-0.011640
-0.011564
-0.011535
-0.011552
-0.011615
-0.011724
-0.011878
-0.012077
-0.012319
-0.012604
-0.012930
-0.013296
-0.013701
-0.014143
-0.014620
-0.015131
-0.015672
-0.016243
-0.016841
-0.017464
-0.018109
-0.018774
-0.019456
-0.020153
-0.020862
-0.021580
-0.022305
-0.023034
-0.023764
-0.024492
-0.025216
-0.025933
-0.026640
-0.027334
-0.028014
-0.028676
-0.029318
-0.029938
-0.030533
-0.031101
-0.031640
-0.032148
-0.032624
-0.033065
-0.033470
-0.033837
-0.034166
-0.034454
-0.034702
-0.034908
-0.035072
-0.035192
-0.035270
-0.035304
-0.035295
-0.035242
-0.035147
-0.035009
-0.034830
-0.034610
-0.034350
-0.034051
-0.033714
-0.033342
-0.032935
-0.032495
-0.032024
-0.031524
-0.030997
-0.030445
-0.029870
-0.029274
-0.028660
-0.028030
-0.027387
-0.026733
-0.026070
-0.025402
-0.024730
-0.024057
-0.023386
-0.022720
-0.022060
-0.021409
-0.020770
-0.020145
-0.019536
-0.018946
-0.018377
-0.017830
-0.017308
-0.016812
-0.016345
-0.015908
-0.015502
-0.015129
-0.014791
-0.014487
-0.014220
-0.013990
-0.013798
-0.013645
-0.013531
-0.013455
-0.013420
-0.013423
-0.013466
-0.013548
-0.013669
-0.013827
-0.014023
-0.014255
-0.014523
-0.014825
-0.015160
-0.015527
-0.015924
-0.016350
-0.016804
-0.017282
-0.017784
-0.018308
-0.018850
-0.019411
-0.019986
-0.020575
-0.021175
-0.021782
-0.022397
-0.023015
-0.023634
-0.024253
-0.024869
-0.025479
-0.026082
-0.026674
-0.027255
-0.027821
-0.028371
-0.028902
-0.029412
-0.029901
-0.030365
-0.030803
-0.031214
-0.031597
-0.031948
-0.032269
-0.032556
-0.032811
-0.033030
-0.033215
-0.033363
-0.033476
-0.033551
-0.033590
-0.033592
-0.033558
-0.033487
-0.033380
-0.033237
-0.033060
-0.032848
-0.032604
-0.032327
-0.032019
-0.031682
-0.031316
-0.030924
-0.030506
-0.030065
-0.029602
-0.029119
-0.028618
-0.028101
-0.027570
-0.027027
-0.026474
-0.025914
-0.025347
-0.024778
-0.024206
-0.023636
-0.023069
-0.022507
-0.021952
-0.021407
-0.020873
-0.020352
-0.019846
-0.019357
-0.018887
-0.018438
-0.018011
-0.017607
-0.017228
-0.016876
-0.016552
-0.016256
-0.015990
-0.015754
-0.015550
-0.015378
-0.015239
-0.015133
-0.015060
-0.015020
-0.015014
-0.015041
-0.015102
-0.015195
-0.015321
-0.015479
-0.015668
-0.015887
-0.016136
-0.016413
-0.016718
-0.017049
-0.017404
-0.017783
-0.018184
-0.018605
-0.019045
-0.019501
-0.019973
-0.020459
-0.020956
-0.021463
-0.021977
-0.022498
-0.023022
-0.023547
-0.024073
-0.024597
-0.025116
-0.025630
-0.026135
-0.026631
-0.027115
-0.027585
-0.028040
-0.028478
-0.028898
-0.029297
-0.029676
-0.030031
-0.030362
-0.030667
-0.030946
-0.031198
-0.031421
-0.031616
-0.031780
-0.031914
-0.032018
-0.032091
-0.032132
-0.032142
-0.032121
-0.032070
-0.031987
-0.031874
-0.031732
-0.031560
-0.031360
-0.031133
-0.030879
-0.030599
-0.030295
-0.029968
-0.029620
-0.029251
-0.028863
-0.028457
-0.028036
-0.027601
-0.027154
-0.026695
-0.026228
-0.025754
-0.025274
-0.024791
-0.024307
-0.023822
-0.023340
-0.022861
-0.022388
-0.021923
-0.021466
-0.021021
-0.020587
-0.020168
-0.019765
-0.019378
-0.019010
-0.018662
-0.018334
-0.018029
-0.017746
-0.017488
-0.017255
-0.017048
-0.016867
-0.016714
-0.016588
-0.016490
-0.016420
-0.016379
-0.016366
-0.016381
-0.016425
-0.016497
-0.016597
-0.016723
-0.016877
-0.017056
-0.017261
-0.017490
-0.017742
-0.018017
-0.018314
-0.018630
-0.018966
-0.019319
-0.019688
-0.020072
-0.020470
-0.020879
-0.021299
-0.021727
-0.022162
-0.022603
-0.023047
-0.023493
-0.023940
-0.024385
-0.024827
-0.025265
-0.025696
-0.026119
-0.026532
-0.026934
-0.027324
-0.027700
-0.028061
-0.028404
-0.028730
-0.029037
-0.029323
-0.029589
-0.029831
-0.030051
-0.030247
-0.030419
-0.030565
-0.030686
-0.030781
-0.030850
-0.030892
-0.030908
-0.030897
-0.030861
-0.030797
-0.030709
-0.030595
-0.030456
-0.030292
-0.030106
-0.029896
-0.029665
-0.029412
-0.029140
-0.028849
-0.028541
-0.028216
-0.027876
-0.027522
-0.027156
-0.026778
-0.026392
-0.025997
-0.025596
-0.025190
-0.024781
-0.024369
-0.023958
-0.023548
-0.023140
-0.022737
-0.022340
-0.021950
-0.021569
-0.021199
-0.020839
-0.020493
-0.020160
-0.019843
-0.019543
-0.019260
-0.018995
-0.018750
-0.018525
-0.018321
-0.018139
-0.017980
-0.017843
-0.017729
-0.017640
-0.017574
-0.017532
-0.017515
-0.017521
-0.017552
-0.017607
-0.017685
-0.017786
-0.017910
-0.018057
-0.018225
-0.018414
-0.018623
-0.018852
-0.019099
-0.019363
-0.019644
-0.019940
-0.020250
-0.020573
-0.020907
-0.021252
-0.021607
-0.021968
-0.022336
-0.022709
-0.023086
-0.023464
-0.023844
-0.024222
-0.024598
-0.024970
-0.025338
-0.025699
-0.026052
-0.026396
-0.026730
-0.027053
-0.027362
-0.027658
-0.027938
-0.028203
-0.028451
-0.028681
-0.028892
-0.029084
-0.029256
-0.029407
-0.029537
-0.029645
-0.029732
-0.029796
-0.029838
-0.029858
-0.029855
-0.029830
-0.029782
-0.029712
-0.029621
-0.029509
-0.029376
-0.029223
-0.029050
-0.028859
-0.028650
-0.028423
-0.028180
-0.027922
-0.027650
-0.027365
-0.027068
-0.026760
-0.026442
-0.026116
-0.025783
-0.025444
-0.025100
-0.024753
-0.024404
-0.024055
-0.023706
-0.023360
-0.023016
-0.022678
-0.022345
-0.022019
-0.021702
-0.021394
-0.021097
-0.020811
-0.020538
-0.020279
-0.020034
-0.019805
-0.019593
-0.019397
-0.019219
-0.019059
-0.018918
-0.018797
-0.018695
-0.018613
-0.018552
-0.018511
-0.018491
-0.018491
-0.018511
-0.018552
-0.018613
-0.018694
-0.018794
-0.018914
-0.019052
-0.019207
-0.019381
-0.019570
-0.019776
-0.019996
-0.020231
-0.020479
-0.020739
-0.021011
-0.021292
-0.021583
-0.021882
-0.022187
-0.022499
-0.022814
-0.023133
-0.023454
-0.023776
-0.024098
-0.024417
-0.024735
-0.025048
-0.025356
-0.025658
-0.025952
-0.026238
-0.026514
-0.026780
-0.027034
-0.027276
-0.027504
-0.027718
-0.027917
-0.028101
-0.028268
-0.028419
-0.028552
-0.028667
-0.028764
-0.028842
-0.028902
-0.028943
-0.028964
-0.028967
-0.028951
-0.028915
-0.028861
-0.028789
-0.028699
-0.028590
-0.028465
-0.028323
-0.028165
-0.027991
-0.027803
-0.027600
-0.027385
-0.027157
-0.026918
-0.026668
-0.026409
-0.026142
-0.025867
-0.025585
-0.025299
-0.025008
-0.024714
-0.024418
-0.024122
-0.023826
-0.023531
-0.023238
-0.022950
-0.022666
-0.022387
-0.022116
-0.021852
-0.021597
-0.021352
-0.021117
-0.020894
-0.020683
-0.020485
-0.020300
-0.020130
-0.019975
-0.019835
-0.019711
-0.019603
-0.019512
-0.019438
-0.019381
-0.019342
-0.019320
-0.019315
-0.019328
-0.019358
-0.019405
-0.019469
-0.019550
-0.019647
-0.019760
-0.019888
-0.020031
-0.020189
-0.020360
-0.020544
-0.020740
-0.020948
-0.021166
-0.021394
-0.021631
-0.021876
-0.022128
-0.022386
-0.022649
-0.022916
-0.023186
-0.023458
-0.023731
-0.024004
-0.024276
-0.024546
-0.024813
-0.025076
-0.025333
-0.025585
-0.025830
-0.026066
-0.026294
-0.026513
-0.026721
-0.026918
-0.027103
-0.027276
-0.027435
-0.027581
-0.027712
-0.027829
-0.027931
-0.028018
-0.028088
-0.028143
-0.028182
-0.028205
-0.028211
-0.028202
-0.028176
-0.028135
-0.028077
-0.028005
-0.027917
-0.027814
-0.027698
-0.027567
-0.027423
-0.027267
-0.027098
-0.026918
-0.026728
-0.026527
-0.026318
-0.026100
-0.025874
-0.025643
-0.025405
-0.025163
-0.024917
-0.024668
-0.024418
-0.024166
-0.023914
-0.023663
-0.023415
-0.023169
-0.022926
-0.022689
-0.022456
-0.022231
-0.022012
-0.021801
-0.021600
-0.021407
-0.021225
-0.021054
-0.020894
-0.020746
-0.020611
-0.020488
-0.020379
-0.020284
-0.020203
-0.020136
-0.020084
-0.020047
-0.020024
-0.020016
-0.020023
-0.020044
-0.020081
-0.020131
-0.020196
-0.020275
-0.020367
-0.020472
-0.020591
-0.020721
-0.020863
-0.021017
-0.021180
-0.021354
-0.021537
-0.021729
-0.021928
-0.022134
-0.022346
-0.022564
-0.022786
-0.023012
-0.023241
-0.023472
-0.023704
-0.023935
-0.024167
-0.024396
-0.024624
-0.024848
-0.025068
-0.025283
-0.025492
-0.025695
-0.025891
-0.026078
-0.026257
-0.026427
-0.026587
-0.026736
-0.026874
-0.027001
-0.027116
-0.027219
-0.027309
-0.027386
-0.027449
-0.027500
-0.027536
-0.027559
-0.027569
-0.027564
-0.027546
-0.027514
-0.027469
-0.027411
-0.027340
-0.027256
-0.027160
-0.027053
-0.026934
-0.026804
-0.026663
-0.026513
-0.026354
-0.026186
-0.026010
-0.025827
-0.025637
-0.025442
-0.025242
-0.025037
-0.024829
-0.024618
-0.024406
-0.024192
-0.023979
-0.023765
-0.023554
-0.023344
-0.023137
-0.022934
-0.022736
-0.022543
-0.022355
-0.022175
-0.022001
-0.021836
-0.021679
-0.021531
-0.021392
-0.021264
-0.021146
-0.021039
-0.020943
-0.020859
-0.020787
-0.020727
-0.020680
-0.020644
-0.020622
-0.020611
-0.020614
-0.020629
-0.020656
-0.020696
-0.020748
-0.020812
-0.020887
-0.020974
-0.021071
-0.021179
-0.021297
-0.021425
-0.021562
-0.021707
-0.021860
-0.022021
-0.022188
-0.022362
-0.022541
-0.022725
-0.022912
-0.023103
-0.023297
-0.023493
-0.023689
-0.023886
-0.024083
-0.024278
-0.024472
-0.024663
-0.024850
-0.025034
-0.025213
-0.025387
-0.025555
-0.025716
-0.025870
-0.026016
-0.026154
-0.026283
-0.026403
-0.026513
-0.026614
-0.026704
-0.026783
-0.026851
-0.026908
-0.026954
-0.026988
-0.027011
-0.027022
-0.027021
-0.027009
-0.026985
-0.026950
-0.026903
-0.026846
-0.026778
-0.026699
-0.026610
-0.026512
-0.026404
-0.026287
-0.026162
-0.026029
-0.025888
-0.025741
-0.025587
-0.025427
-0.025263
-0.025094
-0.024921
-0.024745
-0.024567
-0.024387
-0.024206
-0.024024
-0.023843
-0.023663
-0.023484
-0.023308
-0.023135
-0.022965
-0.022800
-0.022640
-0.022485
-0.022336
-0.022193
-0.022058
-0.021930
-0.021810
-0.021699
-0.021596
-0.021503
-0.021419
-0.021345
-0.021281
-0.021227
-0.021184
-0.021151
-0.021129
-0.021118
-0.021117
-0.021127
-0.021147
-0.021178
-0.021219
-0.021271
-0.021332
-0.021403
-0.021483
-0.021573
-0.021671
-0.021777
-0.021891
-0.022013
-0.022141
-0.022276
-0.022417
-0.022563
-0.022713
-0.022868
-0.023027
-0.023188
-0.023352
-0.023518
-0.023685
-0.023852
-0.024019
-0.024185
-0.024350
-0.024513
-0.024673
-0.024830
-0.024983
-0.025132
-0.025275
-0.025414
-0.025546
-0.025672
-0.025791
-0.025903
-0.026007
-0.026103
-0.026190
-0.026269
-0.026338
-0.026399
-0.026450
-0.026491
-0.026523
-0.026545
-0.026557
-0.026559
-0.026551
-0.026534
-0.026506
-0.026469
-0.026423
-0.026368
-0.026303
-0.026230
-0.026149
-0.026059
-0.025962
-0.025858
-0.025747
-0.025629
-0.025505
-0.025376
-0.025242
-0.025103
-0.024961
-0.024815
-0.024666
-0.024515
-0.024363
-0.024209
-0.024055
-0.023901
-0.023748
-0.023596
-0.023446
-0.023298
-0.023153
-0.023012
-0.022875
-0.022742
-0.022614
-0.022491
-0.022375
-0.022264
-0.022161
-0.022064
-0.021975
-0.021894
-0.021820
-0.021755
-0.021699
-0.021651
-0.021612
-0.021581
-0.021560
-0.021548
-0.021545
-0.021551
-0.021566
-0.021589
-0.021622
-0.021664
-0.021713
-0.021771
-0.021838
-0.021911
-0.021993
-0.022081
-0.022176
-0.022278
-0.022385
-0.022498
-0.022616
-0.022739
-0.022866
-0.022997
-0.023131
-0.023267
-0.023406
-0.023546
-0.023687
-0.023829
-0.023971
-0.024113
-0.024253
-0.024392
-0.024528
-0.024662
-0.024793
-0.024920
-0.025044
-0.025162
-0.025276
-0.025384
-0.025487
-0.025584
-0.025674
-0.025757
-0.025833
-0.025902
-0.025963
-0.026016
-0.026062
-0.026099
-0.026128
-0.026149
-0.026162
-0.026166
-0.026161
-0.026149
-0.026128
-0.026099
-0.026061
-0.026016
-0.025964
-0.025904
-0.025837
-0.025762
-0.025682
-0.025595
-0.025502
-0.025403
-0.025300
-0.025191
-0.025078
-0.024962
-0.024842
-0.024718
-0.024593
-0.024465
-0.024336
-0.024206
-0.024075
-0.023945
-0.023814
-0.023685
-0.023557
-0.023431
-0.023307
-0.023186
-0.023069
-0.022955
-0.022845
-0.022740
-0.022639
-0.022544
-0.022455
-0.022371
-0.022294
-0.022223
-0.022159
-0.022102
-0.022051
-0.022009
-0.021973
-0.021946
-0.021926
-0.021913
-0.021908
-0.021911
-0.021922
-0.021940
-0.021966
-0.021999
-0.022040
-0.022087
-0.022141
-0.022202
-0.022270
-0.022343
-0.022422
-0.022507
-0.022597
-0.022692
-0.022791
-0.022894
-0.023001
-0.023111
-0.023224
-0.023340
-0.023457
-0.023576
-0.023695
-0.023816
-0.023936
-0.024056
-0.024176
-0.024294
-0.024410
-0.024525
-0.024637
-0.024746
-0.024851
-0.024953
-0.025051
-0.025144
-0.025232
-0.025316
-0.025394
-0.025466
-0.025532
-0.025592
-0.025646
-0.025693
-0.025734
-0.025767
-0.025794
-0.025813
-0.025826
-0.025831
-0.025829
-0.025820
-0.025805
-0.025782
-0.025752
-0.025716
-0.025673
-0.025623
-0.025568
-0.025507
-0.025440
-0.025367
-0.025289
-0.025207
-0.025120
-0.025029
-0.024934
-0.024836
-0.024735
-0.024631
-0.024525
-0.024417
-0.024308
-0.024198
-0.024087
-0.023976
-0.023865
-0.023755
-0.023646
-0.023538
-0.023433
-0.023330
-0.023229
-0.023131
-0.023037
-0.022947
-0.022860
-0.022778
-0.022701
-0.022629
-0.022562
-0.022500
-0.022444
-0.022394
-0.022349
-0.022311
-0.022280
-0.022254
-0.022236
-0.022223
-0.022218
-0.022218
-0.022226
-0.022239
-0.022260
-0.022286
-0.022319
-0.022357
-0.022402
-0.022452
-0.022508
-0.022569
-0.022635
-0.022706
-0.022781
-0.022860
-0.022944
-0.023030
-0.023120
-0.023213
-0.023308
-0.023406
-0.023505
-0.023605
-0.023707
-0.023809
-0.023911
-0.024014
-0.024115
-0.024216
-0.024315
-0.024413
-0.024508
-0.024601
-0.024692
-0.024779
-0.024863
-0.024943
-0.025019
-0.025091
-0.025159
-0.025221
-0.025279
-0.025331
-0.025379
-0.025420
-0.025456
-0.025486
-0.025510
-0.025528
-0.025541
-0.025547
-0.025547
-0.025541
-0.025529
-0.025511
-0.025488
-0.025458
-0.025423
-0.025383
-0.025337
-0.025286
-0.025231
-0.025170
-0.025106
-0.025037
-0.024964
-0.024888
-0.024808
-0.024726
-0.024640
-0.024553
-0.024463
-0.024372
-0.024279
-0.024186
-0.024092
-0.023998
-0.023904
-0.023810
-0.023717
-0.023625
-0.023535
-0.023447
-0.023361
-0.023277
-0.023197
-0.023119
-0.023045
-0.022974
-0.022907
-0.022845
-0.022786
-0.022733
-0.022684
-0.022640
-0.022601
-0.022567
-0.022539
-0.022516
-0.022499
-0.022487
-0.022480
-0.022480
-0.022484
-0.022494
-0.022510
-0.022531
-0.022558
-0.022589
-0.022626
-0.022667
-0.022713
-0.022764
-0.022819
-0.022878
-0.022940
-0.023007
-0.023077
-0.023150
-0.023225
-0.023303
-0.023384
-0.023466
-0.023550
-0.023635
-0.023721
-0.023807
-0.023894
-0.023981
-0.024067
-0.024153
-0.024238
-0.024321
-0.024403
-0.024482
-0.024560
-0.024635
-0.024707
-0.024776
-0.024841
-0.024903
-0.024962
-0.025016
-0.025066
-0.025112
-0.025153
-0.025189
-0.025221
-0.025248
-0.025270
-0.025287
-0.025298
-0.025305
-0.025306
-0.025303
-0.025294
-0.025280
-0.025261
-0.025238
-0.025209
-0.025176
-0.025139
-0.025097
-0.025051
-0.025000
-0.024947
-0.024889
-0.024828
-0.024764
-0.024697
-0.024628
-0.024556
-0.024482
-0.024407
-0.024330
-0.024251
-0.024172
-0.024092
-0.024012
-0.023932
-0.023853
-0.023774
-0.023696
-0.023619
-0.023543
-0.023470
-0.023398
-0.023329
-0.023262
-0.023198
-0.023138
-0.023080
-0.023026
-0.022975
-0.022929
-0.022886
-0.022848
-0.022814
-0.022784
-0.022759
-0.022738
-0.022722
-0.022710
-0.022704
-0.022702
-0.022704
-0.022712
-0.022724
-0.022741
-0.022762
-0.022787
-0.022817
-0.022851
-0.022889
-0.022931
-0.022977
-0.023026
-0.023079
-0.023134
-0.023193
-0.023254
-0.023318
-0.023383
-0.023451
-0.023521
-0.023591
-0.023663
-0.023736
-0.023810
-0.023883
-0.023957
-0.024030
-0.024103
-0.024175
-0.024246
-0.024316
-0.024384
-0.024451
-0.024515
-0.024576
-0.024636
-0.024692
-0.024746
-0.024796
-0.024843
-0.024887
-0.024926
-0.024962
-0.024995
-0.025023
-0.025046
-0.025066
-0.025082
-0.025093
-0.025099
-0.025102
-0.025100
-0.025094
-0.025083
-0.025068
-0.025049
-0.025026
-0.024999
-0.024968
-0.024934
-0.024896
-0.024854
-0.024809
-0.024761
-0.024710
-0.024656
-0.024600
-0.024542
-0.024481
-0.024419
-0.024355
-0.024290
-0.024224
-0.024157
-0.024089
-0.024022
-0.023954
-0.023886
-0.023819
-0.023752
-0.023687
-0.023622
-0.023559
-0.023498
-0.023439
-0.023381
-0.023327
-0.023274
-0.023225
-0.023178
-0.023134
-0.023094
-0.023057
-0.023023
-0.022993
-0.022967
-0.022944
-0.022926
-0.022911
-0.022900
-0.022893
-0.022891
-0.022892
-0.022897
-0.022906
-0.022919
-0.022936
-0.022957
-0.022981
-0.023009
-0.023041
-0.023076
-0.023113
-0.023154
-0.023198
-0.023245
-0.023294
-0.023345
-0.023399
-0.023454
-0.023511
-0.023570
-0.023630
-0.023691
-0.023752
-0.023814
-0.023877
-0.023939
-0.024002
-0.024064
-0.024125
-0.024186
-0.024245
-0.024304
-0.024360
-0.024415
-0.024468
-0.024519
-0.024568
-0.024614
-0.024657
-0.024698
-0.024736
-0.024770
-0.024802
-0.024830
-0.024855
-0.024876
-0.024894
-0.024908
-0.024918
-0.024925
-0.024928
-0.024927
-0.024923
-0.024915
-0.024903
-0.024888
-0.024870
-0.024848
-0.024822
-0.024794
-0.024762
-0.024727
-0.024690
-0.024650
-0.024607
-0.024562
-0.024515
-0.024466
-0.024415
-0.024363
-0.024309
-0.024254
-0.024198
-0.024141
-0.024084
-0.024027
-0.023969
-0.023911
-0.023854
-0.023797
-0.023742
-0.023687
-0.023633
-0.023580
-0.023530
-0.023480
-0.023433
-0.023388
-0.023346
-0.023305
-0.023267
-0.023232
-0.023200
-0.023171
-0.023144
-0.023121
-0.023101
-0.023084
-0.023071
-0.023061
-0.023054
-0.023051
-0.023051
-0.023055
-0.023062
-0.023072
-0.023085
-0.023102
-0.023122
-0.023145
-0.023171
-0.023200
-0.023231
-0.023265
-0.023302
-0.023341
-0.023382
-0.023425
-0.023470
-0.023517
-0.023565
-0.023614
-0.023665
-0.023716
-0.023768
-0.023821
-0.023874
-0.023927
-0.023980
-0.024033
-0.024085
-0.024137
-0.024188
-0.024237
-0.024286
-0.024333
-0.024378
-0.024422
-0.024464
-0.024504
-0.024541
-0.024576
-0.024609
-0.024639
-0.024667
-0.024691
-0.024713
-0.024732
-0.024748
-0.024760
-0.024770
-0.024777
-0.024780
-0.024780
-0.024778
-0.024772
-0.024763
-0.024751
-0.024735
-0.024718
-0.024697
-0.024673
-0.024647
-0.024618
-0.024587
-0.024554
-0.024518
-0.024481
-0.024441
-0.024400
-0.024357
-0.024313
-0.024267
-0.024221
-0.024174
-0.024126
-0.024077
-0.024028
-0.023979
-0.023931
-0.023882
-0.023834
-0.023786
-0.023739
-0.023693
-0.023648
-0.023605
-0.023563
-0.023522
-0.023483
-0.023447
-0.023412
-0.023379
-0.023349
-0.023321
-0.023295
-0.023272
-0.023252
-0.023234
-0.023219
-0.023207
-0.023198
-0.023191
-0.023188
-0.023187
-0.023189
-0.023194
-0.023202
-0.023213
-0.023226
-0.023243
-0.023261
-0.023283
-0.023306
-0.023333
-0.023361
-0.023391
-0.023424
-0.023458
-0.023495
-0.023532
-0.023572
-0.023612
-0.023654
-0.023696
-0.023740
-0.023784
-0.023829
-0.023874
-0.023919
-0.023964
-0.024009
-0.024053
-0.024097
-0.024140
-0.024183
-0.024224
-0.024265
-0.024304
-0.024341
-0.024377
-0.024411
-0.024444
-0.024474
-0.024502
-0.024529
-0.024553
-0.024574
-0.024593
-0.024610
-0.024624
-0.024636
-0.024645
-0.024651
-0.024654
-0.024655
-0.024654
-0.024649
-0.024642
-0.024633
-0.024621
-0.024606
-0.024589
-0.024570
-0.024548
-0.024524
-0.024498
-0.024471
-0.024441
-0.024409
-0.024376
-0.024342
-0.024306
-0.024268
-0.024230
-0.024191
-0.024151
-0.024110
-0.024069
-0.024028
-0.023986
-0.023945
-0.023903
-0.023862
-0.023822
-0.023782
-0.023743
-0.023704
-0.023667
-0.023631
-0.023596
-0.023563
-0.023531
-0.023501
-0.023473
-0.023447
-0.023422
-0.023400
-0.023380
-0.023362
-0.023346
-0.023333
-0.023322
-0.023313
-0.023307
-0.023304
-0.023302
-0.023304
-0.023307
-0.023313
-0.023322
-0.023333
-0.023346
-0.023361
-0.023379
-0.023398
-0.023420
-0.023444
-0.023469
-0.023496
-0.023525
-0.023555
-0.023587
-0.023620
-0.023654
-0.023689
-0.023725
-0.023762
-0.023799
-0.023837
-0.023875
-0.023913
-0.023952
-0.023990
-0.024028
-0.024065
-0.024102
-0.024138
-0.024174
-0.024208
-0.024242
-0.024274
-0.024305
-0.024334
-0.024362
-0.024388
-0.024413
-0.024436
-0.024456
-0.024475
-0.024492
-0.024507
-0.024519
-0.024530
-0.024538
-0.024544
-0.024548
-0.024549
-0.024548
-0.024545
-0.024540
-0.024532
-0.024523
-0.024511
-0.024497
-0.024481
-0.024463
-0.024443
-0.024422
-0.024399
-0.024374
-0.024348
-0.024320
-0.024291
-0.024261
-0.024229
-0.024197
-0.024164
-0.024130
-0.024096
-0.024061
-0.024026
-0.023991
-0.023955
-0.023920
-0.023885
-0.023851
-0.023817
-0.023783
-0.023750
-0.023718
-0.023687
-0.023658
-0.023629
-0.023602
-0.023576
-0.023551
-0.023529
-0.023507
-0.023488
-0.023470
-0.023455
-0.023441
-0.023429
-0.023419
-0.023411
-0.023406
-0.023402
-0.023400
-0.023401
-0.023404
-0.023408
-0.023415
-0.023423
-0.023434
-0.023447
-0.023461
-0.023477
-0.023495
-0.023515
-0.023536
-0.023559
-0.023583
-0.023608
-0.023635
-0.023662
-0.023691
-0.023721
-0.023751
-0.023782
-0.023814
-0.023846
-0.023878
-0.023910
-0.023943
-0.023975
-0.024008
-0.024040
-0.024071
-0.024102
-0.024132
-0.024162
-0.024190
-0.024218
-0.024244
-0.024270
-0.024294
-0.024317
-0.024338
-0.024358
-0.024376
-0.024392
-0.024407
-0.024420
-0.024431
-0.024440
-0.024448
-0.024453
-0.024457
-0.024459
-0.024458
-0.024456
-0.024452
-0.024446
-0.024439
-0.024429
-0.024418
-0.024405
-0.024390
-0.024374
-0.024356
-0.024337
-0.024316
-0.024294
-0.024271
-0.024246
-0.024221
-0.024194
-0.024167
-0.024139
-0.024111
-0.024082
-0.024052
-0.024023
-0.023993
-0.023963
-0.023933
-0.023903
-0.023874
-0.023845
-0.023816
-0.023788
-0.023761
-0.023734
-0.023709
-0.023684
-0.023661
-0.023638
-0.023617
-0.023598
-0.023579
-0.023562
-0.023547
-0.023533
-0.023521
-0.023511
-0.023502
-0.023495
-0.023489
-0.023486
-0.023484
-0.023484
-0.023486
-0.023489
-0.023494
-0.023501
-0.023510
-0.023520
-0.023532
-0.023545
-0.023560
-0.023576
-0.023594
-0.023613
-0.023633
-0.023654
-0.023676
-0.023700
-0.023724
-0.023749
-0.023774
-0.023801
-0.023827
-0.023854
-0.023882
-0.023909
-0.023937
-0.023964
-0.023992
-0.024019
-0.024046
-0.024072
-0.024098
-0.024123
-0.024148
-0.024172
-0.024194
-0.024216
-0.024237
-0.024256
-0.024275
-0.024292
-0.024308
-0.024322
-0.024335
-0.024346
-0.024356
-0.024364
-0.024371
-0.024376
-0.024380
-0.024382
-0.024382
-0.024381
-0.024378
-0.024373
-0.024367
-0.024359
-0.024350
-0.024339
-0.024327
-0.024314
-0.024299
-0.024283
-0.024266
-0.024247
-0.024228
-0.024207
-0.024186
-0.024164
-0.024141
-0.024117
-0.024093
-0.024069
-0.024044
-0.024019
-0.023993
-0.023968
-0.023943
-0.023917
-0.023892
-0.023867
-0.023843
-0.023819
-0.023796
-0.023773
-0.023751
-0.023730
-0.023710
-0.023691
-0.023672
-0.023655
-0.023640
-0.023625
-0.023611
-0.023599
-0.023589
-0.023579
-0.023572
-0.023565
-0.023560
-0.023557
-0.023555
-0.023554
-0.023555
-0.023558
-0.023562
-0.023567
-0.023574
-0.023583
-0.023592
-0.023603
-0.023615
-0.023629
-0.023644
-0.023659
-0.023676
-0.023694
-0.023713
-0.023732
-0.023753
-0.023774
-0.023795
-0.023817
-0.023840
-0.023863
-0.023886
-0.023909
-0.023933
-0.023956
-0.023979
-0.024003
-0.024025
-0.024048
-0.024070
-0.024092
-0.024113
-0.024133
-0.024152
-0.024171
-0.024189
-0.024206
-0.024222
-0.024237
-0.024250
-0.024263
-0.024274
-0.024284
-0.024293
-0.024300
-0.024306
-0.024311
-0.024314
-0.024316
-0.024317
-0.024316
-0.024314
-0.024311
-0.024306
-0.024300
-0.024292
-0.024283
-0.024273
-0.024262
-0.024250
-0.024237
-0.024222
-0.024207
-0.024191
-0.024173
-0.024156
-0.024137
-0.024118
-0.024098
-0.024077
-0.024057
-0.024036
-0.024014
-0.023993
-0.023971
-0.023950
-0.023928
-0.023907
-0.023886
-0.023865
-0.023844
-0.023825
-0.023805
-0.023786
