0.000000
0.000000
-0.000088
-0.000265
-0.000529
-0.000881
-0.001319
-0.001842
-0.002450
-0.003140
-0.003911
-0.004760
-0.005687
-0.006687
-0.007760
-0.008901
-0.010108
-0.011377
-0.012706
-0.014091
-0.015527
-0.017011
-0.018539
-0.020107
-0.021711
-0.023345
-0.025006
-0.026689
-0.028388
-0.030100
-0.031819
-0.033541
-0.035261
-0.036973
-0.038672
-0.040355
-0.042015
-0.043648
-0.045250
-0.046814
-0.048338
-0.049815
-0.051243
-0.052615
-0.053929
-0.055180
-0.056365
-0.057479
-0.058519
-0.059482
-0.060365
-0.061165
-0.061880
-0.062506
-0.063043
-0.063489
-0.063841
-0.064098
-0.064260
-0.064327
-0.064296
-0.064169
-0.063946
-0.063627
-0.063213
-0.062705
-0.062105
-0.061414
-0.060633
-0.059766
-0.058815
-0.057782
-0.056670
-0.055483
-0.054224
-0.052897
-0.051505
-0.050053
-0.048544
-0.046984
-0.045377
-0.043727
-0.042039
-0.040318
-0.038569
-0.036798
-0.035008
-0.033206
-0.031397
-0.029586
-0.027777
-0.025977
-0.024190
-0.022422
-0.020677
-0.018961
-0.017278
-0.015633
-0.014031
-0.012476
-0.010974
-0.009527
-0.008140
-0.006817
-0.005562
-0.004378
-0.003268
-0.002237
-0.001286
-0.000419
0.000363
0.001057
0.001660
0.002172
0.002590
0.002913
0.003141
0.003273
0.003307
0.003245
0.003085
0.002829
0.002476
0.002027
0.001485
0.000849
0.000122
-0.000695
-0.001600
-0.002590
-0.003663
-0.004816
-0.006045
-0.007349
-0.008723
-0.010163
-0.011666
-0.013228
-0.014845
-0.016512
-0.018224
-0.019977
-0.021767
-0.023587
-0.025434
-0.027301
-0.029184
-0.031077
-0.032976
-0.034873
-0.036765
-0.038646
-0.040509
-0.042350
-0.044164
-0.045944
-0.047686
-0.049385
-0.051035
-0.052631
-0.054169
-0.055643
-0.057050
-0.058385
-0.059644
-0.060823
-0.061918
-0.062926
-0.063843
-0.064667
-0.065395
-0.066024
-0.066553
-0.066979
-0.067302
-0.067519
-0.067631
-0.067636
-0.067535
-0.067326
-0.067012
-0.066593
-0.066069
-0.065442
-0.064714
-0.063887
-0.062964
-0.061946
-0.060837
-0.059640
-0.058359
-0.056996
-0.055557
-0.054045
-0.052465
-0.050822
-0.049119
-0.047363
-0.045558
-0.043709
-0.041823
-0.039903
-0.037957
-0.035989
-0.034006
-0.032012
-0.030015
-0.028018
-0.026029
-0.024053
-0.022096
-0.020162
-0.018259
-0.016390
-0.014561
-0.012779
-0.011046
-0.009369
-0.007752
-0.006200
-0.004717
-0.003308
-0.001975
-0.000723
0.000444
0.001524
0.002512
0.003407
0.004206
0.004907
0.005507
0.006005
0.006399
0.006689
0.006872
0.006950
0.006920
0.006783
0.006540
0.006191
0.005736
0.005177
0.004514
0.003751
0.002888
0.001927
0.000872
-0.000276
-0.001513
-0.002835
-0.004241
-0.005725
-0.007285
-0.008915
-0.010612
-0.012371
-0.014187
-0.016055
-0.017971
-0.019928
-0.021922
-0.023947
-0.025998
-0.028068
-0.030152
-0.032243
-0.034337
-0.036427
-0.038506
-0.040569
-0.042610
-0.044623
-0.046602
-0.048541
-0.050435
-0.052276
-0.054061
-0.055784
-0.057439
-0.059021
-0.060525
-0.061948
-0.063283
-0.064528
-0.065678
-0.066729
-0.067678
-0.068522
-0.069259
-0.069885
-0.070398
-0.070798
-0.071082
-0.071249
-0.071298
-0.071230
-0.071044
-0.070741
-0.070320
-0.069784
-0.069134
-0.068371
-0.067498
-0.066516
-0.065430
-0.064242
-0.062955
-0.061574
-0.060102
-0.058543
-0.056903
-0.055185
-0.053396
-0.051540
-0.049622
-0.047648
-0.045625
-0.043558
-0.041452
-0.039315
-0.037152
-0.034969
-0.032774
-0.030571
-0.028368
-0.026171
-0.023986
-0.021820
-0.019678
-0.017567
-0.015492
-0.013460
-0.011476
-0.009546
-0.007675
-0.005869
-0.004133
-0.002470
-0.000887
0.000612
0.002024
0.003345
0.004570
0.005696
0.006720
0.007639
0.008452
0.009154
0.009744
0.010221
0.010584
0.010830
0.010959
0.010971
0.010865
0.010642
0.010302
0.009845
0.009274
0.008588
0.007790
0.006882
0.005865
0.004743
0.003519
0.002195
0.000774
-0.000738
-0.002340
-0.004025
-0.005791
-0.007632
-0.009543
-0.011520
-0.013556
-0.015647
-0.017787
-0.019969
-0.022188
-0.024438
-0.026712
-0.029004
-0.031307
-0.033616
-0.035923
-0.038221
-0.040505
-0.042767
-0.045001
-0.047200
-0.049357
-0.051467
-0.053523
-0.055519
-0.057448
-0.059305
-0.061084
-0.062779
-0.064386
-0.065899
-0.067313
-0.068625
-0.069829
-0.070922
-0.071900
-0.072760
-0.073500
-0.074116
-0.074606
-0.074970
-0.075205
-0.075310
-0.075285
-0.075129
-0.074844
-0.074429
-0.073886
-0.073216
-0.072420
-0.071502
-0.070463
-0.069307
-0.068037
-0.066657
-0.065171
-0.063582
-0.061897
-0.060119
-0.058254
-0.056308
-0.054285
-0.052193
-0.050037
-0.047824
-0.045560
-0.043251
-0.040905
-0.038529
-0.036128
-0.033711
-0.031283
-0.028853
-0.026427
-0.024012
-0.021615
-0.019242
-0.016902
-0.014599
-0.012341
-0.010134
-0.007984
-0.005898
-0.003880
-0.001937
-0.000074
0.001703
0.003390
0.004982
0.006475
0.007865
0.009147
0.010318
0.011376
0.012316
0.013136
0.013834
0.014408
0.014856
0.015177
0.015370
0.015434
0.015368
0.015174
0.014850
0.014399
0.013820
0.013115
0.012286
0.011334
0.010263
0.009075
0.007772
0.006358
0.004837
0.003212
0.001488
-0.000331
-0.002240
-0.004234
-0.006308
-0.008457
-0.010674
-0.012953
-0.015289
-0.017675
-0.020105
-0.022571
-0.025067
-0.027586
-0.030122
-0.032666
-0.035211
-0.037750
-0.040277
-0.042782
-0.045260
-0.047703
-0.050104
-0.052454
-0.054749
-0.056980
-0.059140
-0.061224
-0.063224
-0.065135
-0.066950
-0.068664
-0.070271
-0.071767
-0.073146
-0.074404
-0.075537
-0.076541
-0.077412
-0.078149
-0.078747
-0.079206
-0.079523
-0.079697
-0.079728
-0.079614
-0.079357
-0.078956
-0.078412
-0.077728
-0.076904
-0.075943
-0.074848
-0.073622
-0.072269
-0.070792
-0.069196
-0.067486
-0.065666
-0.063742
-0.061719
-0.059605
-0.057404
-0.055124
-0.052771
-0.050352
-0.047874
-0.045344
-0.042771
-0.040160
-0.037521
-0.034861
-0.032187
-0.029507
-0.026828
-0.024160
-0.021508
-0.018881
-0.016286
-0.013731
-0.011222
-0.008767
-0.006373
-0.004046
-0.001792
0.000381
0.002468
0.004464
0.006362
0.008157
0.009845
0.011421
0.012881
0.014219
0.015434
0.016521
0.017477
0.018301
0.018988
0.019538
0.019948
0.020218
0.020347
0.020334
0.020179
0.019881
0.019443
0.018864
0.018146
0.017290
0.016300
0.015176
0.013922
0.012541
0.011036
0.009411
0.007671
0.005819
0.003860
0.001800
-0.000356
-0.002603
-0.004934
-0.007344
-0.009826
-0.012373
-0.014979
-0.017636
-0.020337
-0.023075
-0.025842
-0.028630
-0.031431
-0.034238
-0.037042
-0.039835
-0.042610
-0.045357
-0.048070
-0.050740
-0.053359
-0.055919
-0.058412
-0.060832
-0.063170
-0.065419
-0.067572
-0.069623
-0.071565
-0.073392
-0.075098
-0.076677
-0.078125
-0.079436
-0.080607
-0.081633
-0.082511
-0.083238
-0.083811
-0.084228
-0.084488
-0.084589
-0.084531
-0.084314
-0.083938
-0.083403
-0.082712
-0.081866
-0.080867
-0.079719
-0.078425
-0.076988
-0.075412
-0.073703
-0.071866
-0.069905
-0.067826
-0.065637
-0.063343
-0.060951
-0.058469
-0.055903
-0.053261
-0.050552
-0.047782
-0.044961
-0.042097
-0.039197
-0.036270
-0.033326
-0.030371
-0.027416
-0.024468
-0.021535
-0.018627
-0.015751
-0.012916
-0.010129
-0.007399
-0.004732
-0.002137
0.000380
0.002811
0.005150
0.007390
0.009526
0.011550
0.013459
0.015246
0.016907
0.018437
0.019832
0.021088
0.022202
0.023171
0.023991
0.024661
0.025179
0.025543
0.025752
0.025805
0.025702
0.025443
0.025029
0.024460
0.023737
0.022862
0.021838
0.020666
0.019350
0.017892
0.016296
0.014567
0.012708
0.010725
0.008621
0.006404
0.004077
0.001648
-0.000878
-0.003493
-0.006191
-0.008965
-0.011806
-0.014709
-0.017663
-0.020663
-0.023698
-0.026761
-0.029843
-0.032936
-0.036030
-0.039117
-0.042188
-0.045233
-0.048245
-0.051213
-0.054130
-0.056986
-0.059773
-0.062482
-0.065105
-0.067635
-0.070062
-0.072379
-0.074580
-0.076657
-0.078603
-0.080412
-0.082079
-0.083597
-0.084962
-0.086169
-0.087214
-0.088093
-0.088803
-0.089342
-0.089708
-0.089899
-0.089914
-0.089752
-0.089415
-0.088902
-0.088215
-0.087356
-0.086327
-0.085131
-0.083771
-0.082252
-0.080578
-0.078754
-0.076785
-0.074678
-0.072438
-0.070072
-0.067588
-0.064993
-0.062294
-0.059500
-0.056618
-0.053659
-0.050629
-0.047539
-0.044398
-0.041214
-0.037997
-0.034756
-0.031500
-0.028240
-0.024985
-0.021743
-0.018524
-0.015338
-0.012192
-0.009097
-0.006060
-0.003090
-0.000196
0.002615
0.005334
0.007955
0.010471
0.012873
0.015157
0.017315
0.019342
0.021233
0.022981
0.024583
0.026034
0.027331
0.028469
0.029446
0.030258
0.030905
0.031382
0.031691
0.031828
0.031794
0.031589
0.031212
0.030665
0.029949
0.029065
0.028016
0.026803
0.025430
0.023900
0.022216
0.020383
0.018406
0.016288
0.014036
0.011655
0.009152
0.006532
0.003802
0.000970
-0.001957
-0.004972
-0.008066
-0.011231
-0.014459
-0.017740
-0.021066
-0.024428
-0.027816
-0.031220
-0.034632
-0.038041
-0.041437
-0.044811
-0.048153
-0.051452
-0.054700
-0.057885
-0.061000
-0.064034
-0.066978
-0.069822
-0.072558
-0.075178
-0.077673
-0.080035
-0.082256
-0.084329
-0.086248
-0.088006
-0.089598
-0.091017
-0.092259
-0.093320
-0.094195
-0.094883
-0.095379
-0.095683
-0.095793
-0.095708
-0.095428
-0.094953
-0.094285
-0.093425
-0.092376
-0.091141
-0.089723
-0.088126
-0.086356
-0.084417
-0.082316
-0.080058
-0.077651
-0.075101
-0.072417
-0.069606
-0.066678
-0.063640
-0.060502
-0.057273
-0.053963
-0.050582
-0.047140
-0.043647
-0.040113
-0.036548
-0.032963
-0.029369
-0.025775
-0.022193
-0.018631
-0.015101
-0.011612
-0.008174
-0.004797
-0.001490
0.001738
0.004877
0.007920
0.010858
0.013683
0.016387
0.018963
0.021404
0.023704
0.025856
0.027855
0.029695
0.031372
0.032880
0.034217
0.035377
0.036359
0.037159
0.037775
0.038206
0.038449
0.038505
0.038373
0.038052
0.037544
0.036850
0.035970
0.034908
0.033664
0.032243
0.030648
0.028882
0.026950
0.024855
0.022605
0.020203
0.017656
0.014971
0.012153
0.009211
0.006152
0.002984
-0.000286
-0.003648
-0.007093
-0.010613
-0.014197
-0.017837
-0.021521
-0.025241
-0.028985
-0.032742
-0.036503
-0.040257
-0.043992
-0.047698
-0.051364
-0.054978
-0.058531
-0.062011
-0.065408
-0.068712
-0.071912
-0.074997
-0.077960
-0.080789
-0.083476
-0.086013
-0.088391
-0.090602
-0.092639
-0.094494
-0.096163
-0.097639
-0.098916
-0.099991
-0.100860
-0.101519
-0.101965
-0.102197
-0.102214
-0.102015
-0.101601
-0.100971
-0.100129
-0.099076
-0.097814
-0.096349
-0.094684
-0.092824
-0.090774
-0.088541
-0.086132
-0.083554
-0.080815
-0.077923
-0.074887
-0.071715
-0.068419
-0.065008
-0.061491
-0.057880
-0.054185
-0.050418
-0.046590
-0.042711
-0.038793
-0.034849
-0.030888
-0.026923
-0.022966
-0.019026
-0.015117
-0.011247
-0.007430
-0.003674
0.000009
0.003609
0.007116
0.010521
0.013815
0.016989
0.020033
0.022941
0.025704
0.028314
0.030766
0.033052
0.035167
0.037104
0.038859
0.040428
0.041805
0.042988
0.043972
0.044757
0.045338
0.045715
0.045887
0.045852
0.045611
0.045163
0.044510
0.043654
0.042595
0.041337
0.039881
0.038232
0.036394
0.034370
0.032165
0.029786
0.027236
0.024524
0.021655
0.018636
0.015476
0.012182
0.008762
0.005226
0.001582
-0.002160
-0.005990
-0.009898
-0.013873
-0.017904
-0.021981
-0.026093
-0.030227
-0.034372
-0.038516
-0.042648
-0.046755
-0.050825
-0.054846
-0.058807
-0.062695
-0.066499
-0.070206
-0.073806
-0.077287
-0.080638
-0.083848
-0.086908
-0.089807
-0.092535
-0.095085
-0.097447
-0.099613
-0.101576
-0.103329
-0.104866
-0.106182
-0.107271
-0.108131
-0.108757
-0.109147
-0.109300
-0.109213
-0.108888
-0.108324
-0.107523
-0.106488
-0.105220
-0.103724
-0.102004
-0.100065
-0.097914
-0.095556
-0.092999
-0.090251
-0.087319
-0.084214
-0.080945
-0.077521
-0.073954
-0.070253
-0.066431
-0.062499
-0.058468
-0.054351
-0.050161
-0.045909
-0.041608
-0.037271
-0.032910
-0.028539
-0.024169
-0.019814
-0.015485
-0.011195
-0.006956
-0.002780
0.001321
0.005337
0.009257
0.013069
0.016763
0.020330
0.023759
0.027043
0.030172
0.033137
0.035932
0.038548
0.040980
0.043220
0.045264
0.047105
0.048738
0.050160
0.051367
0.052356
0.053124
0.053668
0.053988
0.054082
0.053949
0.053591
0.053006
0.052198
0.051166
0.049914
0.048443
0.046759
0.044863
0.042761
0.040458
0.037959
0.035269
0.032396
0.029346
0.026127
0.022747
0.019213
0.015536
0.011724
0.007786
0.003734
-0.000422
-0.004672
-0.009003
-0.013405
-0.017866
-0.022373
-0.026914
-0.031475
-0.036045
-0.040611
-0.045158
-0.049673
-0.054145
-0.058558
-0.062900
-0.067158
-0.071319
-0.075370
-0.079297
-0.083089
-0.086734
-0.090220
-0.093536
-0.096670
-0.099613
-0.102354
-0.104884
-0.107195
-0.109279
-0.111128
-0.112736
-0.114097
-0.115205
-0.116058
-0.116651
-0.116981
-0.117048
-0.116850
-0.116388
-0.115662
-0.114675
-0.113429
-0.111927
-0.110174
-0.108176
-0.105938
-0.103468
-0.100772
-0.097860
-0.094740
-0.091422
-0.087916
-0.084234
-0.080385
-0.076383
-0.072240
-0.067968
-0.063580
-0.059090
-0.054511
-0.049857
-0.045141
-0.040378
-0.035582
-0.030766
-0.025945
-0.021132
-0.016341
-0.011587
-0.006881
-0.002238
0.002330
0.006811
0.011191
0.015460
0.019605
0.023616
0.027482
0.031193
0.034739
0.038111
0.041300
0.044298
0.047097
0.049690
0.052070
0.054232
0.056170
0.057879
0.059354
0.060591
0.061589
0.062343
0.062852
0.063114
0.063129
0.062895
0.062414
0.061686
0.060713
0.059496
0.058038
0.056343
0.054414
0.052255
0.049872
0.047270
0.044454
0.041432
0.038211
0.034798
0.031202
0.027431
0.023494
0.019402
0.015165
0.010793
0.006297
0.001690
-0.003016
-0.007810
-0.012679
-0.017608
-0.022585
-0.027596
-0.032627
-0.037664
-0.042692
-0.047697
-0.052664
-0.057578
-0.062425
-0.067190
-0.071858
-0.076416
-0.080848
-0.085142
-0.089282
-0.093257
-0.097052
-0.100656
-0.104056
-0.107241
-0.110201
-0.112925
-0.115403
-0.117628
-0.119590
-0.121284
-0.122702
-0.123840
-0.124693
-0.125257
-0.125530
-0.125510
-0.125198
-0.124592
-0.123696
-0.122510
-0.121039
-0.119286
-0.117258
-0.114959
-0.112399
-0.109583
-0.106521
-0.103224
-0.099700
-0.095961
-0.092019
-0.087886
-0.083575
-0.079099
-0.074472
-0.069709
-0.064824
-0.059832
-0.054747
-0.049586
-0.044363
-0.039094
-0.033795
-0.028481
-0.023167
-0.017868
-0.012601
-0.007379
-0.002216
0.002871
0.007870
0.012768
0.017550
0.022204
0.026717
0.031078
0.035276
0.039299
0.043136
0.046779
0.050218
0.053444
0.056449
0.059226
0.061767
0.064067
0.066119
0.067918
0.069460
0.070741
0.071758
0.072507
0.072988
0.073198
0.073137
0.072805
0.072201
0.071328
0.070187
0.068780
0.067110
0.065181
0.062997
0.060563
0.057884
0.054966
0.051816
0.048442
0.044851
0.041051
0.037052
0.032863
0.028494
0.023957
0.019262
0.014421
0.009446
0.004351
-0.000851
-0.006147
-0.011523
-0.016964
-0.022455
-0.027982
-0.033528
-0.039078
-0.044616
-0.050126
-0.055592
-0.060997
-0.066326
-0.071562
-0.076689
-0.081692
-0.086553
-0.091258
-0.095793
-0.100141
-0.104288
-0.108222
-0.111928
-0.115395
-0.118609
-0.121560
-0.124238
-0.126633
-0.128736
-0.130539
-0.132037
-0.133222
-0.134091
-0.134639
-0.134865
-0.134766
-0.134342
-0.133594
-0.132524
-0.131134
-0.129429
-0.127414
-0.125095
-0.122479
-0.119575
-0.116391
-0.112938
-0.109227
-0.105269
-0.101076
-0.096663
-0.092043
-0.087231
-0.082241
-0.077090
-0.071793
-0.066366
-0.060826
-0.055190
-0.049475
-0.043698
-0.037876
-0.032026
-0.026165
-0.020310
-0.014478
-0.008685
-0.002948
0.002717
0.008296
0.013772
0.019131
0.024358
0.029441
0.034365
0.039117
0.043686
0.048060
0.052227
0.056177
0.059901
0.063389
0.066633
0.069623
0.072355
0.074819
0.077011
0.078926
0.080558
0.081903
0.082958
0.083721
0.084189
0.084362
0.084237
0.083816
0.083099
0.082087
0.080782
0.079187
0.077306
0.075141
0.072698
0.069982
0.066999
0.063756
0.060259
0.056517
0.052538
0.048332
0.043909
0.039278
0.034451
0.029440
0.024256
0.018913
0.013425
0.007805
0.002067
-0.003773
-0.009699
-0.015697
-0.021749
-0.027840
-0.033951
-0.040066
-0.046167
-0.052236
-0.058257
-0.064210
-0.070077
-0.075841
-0.081485
-0.086989
-0.092337
-0.097512
-0.102496
-0.107274
-0.111830
-0.116147
-0.120212
-0.124010
-0.127528
-0.130754
-0.133677
-0.136284
-0.138568
-0.140520
-0.142131
-0.143396
-0.144309
-0.144867
-0.145066
-0.144906
-0.144386
-0.143507
-0.142271
-0.140682
-0.138744
-0.136463
-0.133847
-0.130904
-0.127642
-0.124074
-0.120209
-0.116060
-0.111641
-0.106966
-0.102050
-0.096909
-0.091558
-0.086015
-0.080297
-0.074422
-0.068408
-0.062273
-0.056037
-0.049718
-0.043335
-0.036908
-0.030454
-0.023993
-0.017543
-0.011123
-0.004751
0.001556
0.007780
0.013904
0.019911
0.025786
0.031513
0.037077
0.042463
0.047658
0.052649
0.057423
0.061969
0.066274
0.070330
0.074125
0.077650
0.080898
0.083860
0.086530
0.088900
0.090966
0.092723
0.094166
0.095292
0.096098
0.096582
0.096742
0.096578
0.096091
0.095280
0.094147
0.092695
0.090925
0.088843
0.086451
0.083756
0.080762
0.077476
0.073906
0.070059
0.065943
0.061568
0.056943
0.052080
0.046989
0.041683
0.036174
0.030475
0.024601
0.018566
0.012385
0.006074
-0.000351
-0.006872
-0.013473
-0.020136
-0.026842
-0.033574
-0.040310
-0.047034
-0.053724
-0.060362
-0.066927
-0.073400
-0.079760
-0.085989
-0.092065
-0.097971
-0.103686
-0.109192
-0.114471
-0.119505
-0.124277
-0.128770
-0.132969
-0.136858
-0.140425
-0.143655
-0.146537
-0.149061
-0.151216
-0.152995
-0.154389
-0.155394
-0.156005
-0.156219
-0.156033
-0.155449
-0.154466
-0.153088
-0.151319
-0.149163
-0.146628
-0.143721
-0.140452
-0.136832
-0.132871
-0.128584
-0.123984
-0.119086
-0.113905
-0.108459
-0.102766
-0.096843
-0.090710
-0.084385
-0.077889
-0.071242
-0.064465
-0.057578
-0.050602
-0.043559
-0.036469
-0.029353
-0.022231
-0.015125
-0.008054
-0.001039
0.005901
0.012748
0.019483
0.026087
0.032543
0.038834
0.044945
0.050860
0.056563
0.062040
0.067279
0.072266
0.076989
0.081437
0.085600
0.089468
0.093031
0.096282
0.099212
0.101816
0.104088
0.106021
0.107612
0.108857
0.109753
0.110297
0.110489
0.110327
0.109812
0.108944
0.107725
0.106157
0.104243
0.101987
0.099393
0.096467
0.093214
0.089642
0.085757
0.081569
0.077085
0.072316
0.067273
0.061966
0.056408
0.050611
0.044589
0.038357
0.031928
0.025320
0.018548
0.011628
0.004580
-0.002579
-0.009830
-0.017154
-0.024530
-0.031939
-0.039360
-0.046770
-0.054150
-0.061477
-0.068729
-0.075885
-0.082922
-0.089818
-0.096553
-0.103102
-0.109447
-0.115565
-0.121436
-0.127041
-0.132359
-0.137373
-0.142064
-0.146416
-0.150413
-0.154040
-0.157284
-0.160132
-0.162574
-0.164600
-0.166201
-0.167371
-0.168105
-0.168398
-0.168249
-0.167658
-0.166624
-0.165152
-0.163245
-0.160909
-0.158151
-0.154980
-0.151407
-0.147444
-0.143102
-0.138398
-0.133345
-0.127962
-0.122265
-0.116274
-0.110008
-0.103487
-0.096732
-0.089766
-0.082610
-0.075286
-0.067819
-0.060229
-0.052542
-0.044780
-0.036966
-0.029123
-0.021275
-0.013443
-0.005651
0.002081
0.009730
0.017277
0.024700
0.031980
0.039098
0.046035
0.052775
0.059299
0.065592
0.071639
0.077425
0.082937
0.088160
0.093083
0.097696
0.101986
0.105945
0.109564
0.112834
0.115749
0.118301
0.120486
0.122299
0.123734
0.124790
0.125464
0.125754
0.125658
0.125178
0.124314
0.123066
0.121438
0.119432
0.117052
0.114303
0.111189
0.107718
0.103896
0.099731
0.095231
0.090405
0.085265
0.079820
0.074083
0.068066
0.061783
0.055248
0.048476
0.041483
0.034286
0.026901
0.019348
0.011645
0.003811
-0.004132
-0.012165
-0.020265
-0.028410
-0.036578
-0.044745
-0.052889
-0.060985
-0.069009
-0.076937
-0.084745
-0.092408
-0.099902
-0.107203
-0.114286
-0.121129
-0.127708
-0.134000
-0.139985
-0.145640
-0.150947
-0.155884
-0.160435
-0.164582
-0.168310
-0.171604
-0.174451
-0.176841
-0.178763
-0.180208
-0.181172
-0.181648
-0.181634
-0.181129
-0.180134
-0.178650
-0.176683
-0.174237
-0.171322
-0.167945
-0.164120
-0.159857
-0.155172
-0.150081
-0.144600
-0.138747
-0.132544
-0.126009
-0.119165
-0.112034
-0.104641
-0.097008
-0.089160
-0.081123
-0.072922
-0.064581
-0.056128
-0.047588
-0.038986
-0.030349
-0.021700
-0.013066
-0.004470
0.004062
0.012508
0.020845
0.029051
0.037102
0.044980
0.052664
0.060134
0.067372
0.074361
0.081083
0.087523
0.093666
0.099498
0.105005
0.110175
0.114997
0.119460
0.123555
0.127273
0.130605
0.133546
0.136088
0.138226
0.139956
0.141274
0.142177
0.142663
0.142731
0.142380
0.141611
0.140425
0.138824
0.136811
0.134389
0.131562
0.128337
0.124719
0.120715
0.116332
0.111580
0.106468
0.101006
0.095206
0.089079
0.082638
0.075898
0.068873
0.061579
0.054032
0.046250
0.038250
0.030053
0.021679
0.013147
0.004480
-0.004300
-0.013170
-0.022105
-0.031083
-0.040077
-0.049061
-0.058011
-0.066899
-0.075700
-0.084385
-0.092928
-0.101302
-0.109480
-0.117436
-0.125142
-0.132573
-0.139703
-0.146508
-0.152963
-0.159044
-0.164731
-0.170001
-0.174836
-0.179215
-0.183124
-0.186545
-0.189465
-0.191873
-0.193757
-0.195110
-0.195925
-0.196198
-0.195926
-0.195110
-0.193749
-0.191850
-0.189416
-0.186456
-0.182980
-0.178998
-0.174526
-0.169577
-0.164169
-0.158320
-0.152051
-0.145382
-0.138337
-0.130939
-0.123212
-0.115184
-0.106880
-0.098327
-0.089553
-0.080587
-0.071456
-0.062189
-0.052815
-0.043362
-0.033859
-0.024333
-0.014812
-0.005324
0.004105
0.013449
0.022682
0.031780
0.040720
0.049477
0.058029
0.066357
0.074438
0.082254
0.089787
0.097018
0.103931
0.110512
0.116745
0.122617
0.128115
0.133227
0.137944
0.142255
0.146151
0.149625
0.152669
0.155278
0.157447
0.159170
0.160445
0.161268
0.161639
0.161556
0.161018
0.160028
0.158585
0.156693
0.154354
0.151574
0.148356
0.144706
0.140631
0.136139
0.131237
0.125936
0.120245
0.114175
0.107738
0.100948
0.093818
0.086364
0.078600
0.070545
0.062215
0.053630
0.044809
0.035774
0.026546
0.017147
0.007602
-0.002066
-0.011831
-0.021667
-0.031547
-0.041443
-0.051329
-0.061174
-0.070950
-0.080627
-0.090175
-0.099566
-0.108768
-0.117751
-0.126486
-0.134944
-0.143096
-0.150912
-0.158365
-0.165429
-0.172078
-0.178286
-0.184030
-0.189289
-0.194041
-0.198269
-0.201953
-0.205080
-0.207637
-0.209611
-0.210994
-0.211779
-0.211962
-0.211540
-0.210513
-0.208883
-0.206656
-0.203838
-0.200438
-0.196469
-0.191942
-0.186875
-0.181284
-0.175189
-0.168612
-0.161575
-0.154103
-0.146221
-0.137957
-0.129339
-0.120395
-0.111156
-0.101652
-0.091915
-0.081975
-0.071864
-0.061614
-0.051257
-0.040824
-0.030346
-0.019854
-0.009379
0.001050
0.011404
0.021654
0.031773
0.041735
0.051513
0.061083
0.070422
0.079506
0.088314
0.096826
0.105022
0.112884
0.120394
0.127536
0.134296
0.140659
0.146612
0.152143
0.157242
0.161897
0.166102
0.169846
0.173124
0.175928
0.178255
0.180099
0.181457
0.182327
0.182706
0.182594
0.181990
0.180896
0.179313
0.177244
0.174691
0.171659
0.168154
0.164181
0.159746
0.154858
0.149525
0.143757
0.137564
0.130957
0.123951
0.116557
0.108790
0.100666
0.092202
0.083416
0.074326
0.064952
0.055315
0.045437
0.035342
0.025054
0.014597
0.003999
-0.006713
-0.017512
-0.028367
-0.039250
-0.050130
-0.060974
-0.071752
-0.082430
-0.092976
-0.103357
-0.113539
-0.123490
-0.133175
-0.142563
-0.151620
-0.160315
-0.168616
-0.176493
-0.183917
-0.190860
-0.197295
-0.203196
-0.208542
-0.213309
-0.217478
-0.221031
-0.223954
-0.226232
-0.227857
-0.228818
-0.229111
-0.228733
-0.227684
-0.225965
-0.223582
-0.220542
-0.216855
-0.212534
-0.207594
-0.202053
-0.195930
-0.189246
-0.182026
-0.174296
-0.166082
-0.157414
-0.148321
-0.138836
-0.128990
-0.118818
-0.108353
-0.097630
-0.086684
-0.075550
-0.064263
-0.052859
-0.041372
-0.029837
-0.018287
-0.006757
0.004721
0.016116
0.027396
0.038531
0.049493
0.060253
0.070785
0.081063
0.091064
0.100762
0.110137
0.119168
0.127836
0.136121
0.144007
0.151477
0.158518
0.165115
0.171255
0.176928
0.182122
0.186829
0.191039
0.194746
0.197943
0.200624
0.202786
0.204423
0.205533
0.206115
0.206167
0.205689
0.204681
0.203145
0.201083
0.198498
0.195395
0.191777
0.187650
0.183022
0.177900
0.172291
0.166206
0.159656
0.152650
0.145203
0.137326
0.129036
0.120348
0.111278
0.101846
0.092069
0.081968
0.071566
0.060885
0.049949
0.038783
0.027414
0.015870
0.004180
-0.007627
-0.019519
-0.031465
-0.043430
-0.055382
-0.067286
-0.079106
-0.090806
-0.102349
-0.113700
-0.124821
-0.135675
-0.146225
-0.156434
-0.166268
-0.175689
-0.184663
-0.193158
-0.201140
-0.208578
-0.215443
-0.221708
-0.227347
-0.232335
-0.236653
-0.240281
-0.243202
-0.245404
-0.246875
-0.247607
-0.247596
-0.246838
-0.245336
-0.243093
-0.240116
-0.236416
-0.232003
-0.226896
-0.221110
-0.214669
-0.207594
-0.199913
-0.191652
-0.182841
-0.173513
-0.163700
-0.153437
-0.142761
-0.131708
-0.120316
-0.108624
-0.096670
-0.084493
-0.072133
-0.059629
-0.047020
-0.034343
-0.021636
-0.008938
0.003717
0.016293
0.028755
0.041071
0.053208
0.065136
0.076826
0.088248
0.099378
0.110188
0.120655
0.130757
0.140472
0.149780
0.158663
0.167103
0.175084
0.182592
0.189612
0.196132
0.202142
0.207630
0.212588
0.217007
0.220881
0.224204
0.226969
0.229173
0.230813
0.231885
0.232388
0.232321
0.231685
0.230480
0.228707
0.226369
0.223469
0.220012
0.216002
0.211445
0.206348
0.200719
0.194566
0.187899
0.180728
0.173066
0.164925
0.156319
0.147264
0.137774
0.127869
0.117567
0.106887
0.095852
0.084485
0.072808
0.060849
0.048633
0.036189
0.023547
0.010738
-0.002206
-0.015252
-0.028364
-0.041507
-0.054644
-0.067737
-0.080746
-0.093633
-0.106358
-0.118878
-0.131155
-0.143146
-0.154810
-0.166106
-0.176995
