0.000000
-0.000011
-0.000044
-0.000099
-0.000176
-0.000275
-0.000396
-0.000538
-0.000702
-0.000886
-0.001093
-0.001320
-0.001567
-0.001835
-0.002124
-0.002432
-0.002760
-0.003107
-0.003473
-0.003858
-0.004261
-0.004682
-0.005121
-0.005576
-0.006048
-0.006537
-0.007041
-0.007560
-0.008095
-0.008643
-0.009206
-0.009781
-0.010369
-0.010970
-0.011582
-0.012205
-0.012839
-0.013482
-0.014135
-0.014796
-0.015465
-0.016142
-0.016826
-0.017515
-0.018210
-0.018910
-0.019614
-0.020322
-0.021033
-0.021745
-0.022459
-0.023174
-0.023889
-0.024604
-0.025317
-0.026029
-0.026738
-0.027444
-0.028146
-0.028843
-0.029536
-0.030222
-0.030902
-0.031575
-0.032240
-0.032896
-0.033544
-0.034182
-0.034809
-0.035426
-0.036032
-0.036625
-0.037206
-0.037773
-0.038327
-0.038867
-0.039392
-0.039902
-0.040397
-0.040875
-0.041336
-0.041781
-0.042208
-0.042617
-0.043008
-0.043381
-0.043734
-0.044068
-0.044383
-0.044677
-0.044952
-0.045206
-0.045439
-0.045652
-0.045844
-0.046014
-0.046163
-0.046290
-0.046396
-0.046480
-0.046543
-0.046583
-0.046602
-0.046599
-0.046574
-0.046527
-0.046459
-0.046369
-0.046257
-0.046124
-0.045970
-0.045795
-0.045599
-0.045382
-0.045145
-0.044887
-0.044610
-0.044313
-0.043997
-0.043661
-0.043307
-0.042935
-0.042545
-0.042137
-0.041712
-0.041271
-0.040813
-0.040340
-0.039851
-0.039347
-0.038829
-0.038297
-0.037752
-0.037194
-0.036624
-0.036042
-0.035450
-0.034846
-0.034233
-0.033611
-0.032980
-0.032340
-0.031694
-0.031040
-0.030381
-0.029715
-0.029045
-0.028371
-0.027692
-0.027011
-0.026328
-0.025643
-0.024956
-0.024270
-0.023583
-0.022898
-0.022214
-0.021532
-0.020853
-0.020178
-0.019506
-0.018840
-0.018178
-0.017523
-0.016874
-0.016232
-0.015598
-0.014972
-0.014356
-0.013748
-0.013151
-0.012564
-0.011989
-0.011425
-0.010873
-0.010333
-0.009807
-0.009294
-0.008796
-0.008312
-0.007842
-0.007389
-0.006950
-0.006528
-0.006123
-0.005734
-0.005363
-0.005009
-0.004672
-0.004354
-0.004055
-0.003773
-0.003511
-0.003268
-0.003044
-0.002840
-0.002656
-0.002491
-0.002346
-0.002221
-0.002117
-0.002032
-0.001968
-0.001924
-0.001901
-0.001898
-0.001915
-0.001953
-0.002011
-0.002089
-0.002187
-0.002306
-0.002444
-0.002602
-0.002779
-0.002976
-0.003192
-0.003427
-0.003681
-0.003954
-0.004245
-0.004553
-0.004880
-0.005224
-0.005585
-0.005962
-0.006356
-0.006766
-0.007192
-0.007633
-0.008088
-0.008558
-0.009042
-0.009539
-0.010050
-0.010573
-0.011107
-0.011654
-0.012211
-0.012779
-0.013357
-0.013945
-0.014541
-0.015145
-0.015758
-0.016377
-0.017003
-0.017635
-0.018273
-0.018915
-0.019561
-0.020211
-0.020865
-0.021520
-0.022177
-0.022836
-0.023495
-0.024153
-0.024811
-0.025468
-0.026123
-0.026775
-0.027424
-0.028069
-0.028710
-0.029346
-0.029976
-0.030600
-0.031217
-0.031827
-0.032429
-0.033022
-0.033606
-0.034181
-0.034745
-0.035299
-0.035841
-0.036371
-0.036890
-0.037395
-0.037887
-0.038366
-0.038830
-0.039280
-0.039715
-0.040134
-0.040538
-0.040925
-0.041296
-0.041650
-0.041986
-0.042305
-0.042606
-0.042889
-0.043154
-0.043400
-0.043627
-0.043835
-0.044024
-0.044193
-0.044343
-0.044473
-0.044583
-0.044673
-0.044743
-0.044794
-0.044824
-0.044834
-0.044824
-0.044794
-0.044743
-0.044673
-0.044583
-0.044474
-0.044344
-0.044196
-0.044027
-0.043840
-0.043634
-0.043409
-0.043165
-0.042903
-0.042624
-0.042326
-0.042011
-0.041679
-0.041331
-0.040966
-0.040585
-0.040188
-0.039776
-0.039350
-0.038908
-0.038453
-0.037985
-0.037503
-0.037009
-0.036503
-0.035985
-0.035456
-0.034917
-0.034368
-0.033809
-0.033241
-0.032665
-0.032081
-0.031490
-0.030892
-0.030288
-0.029678
-0.029064
-0.028445
-0.027822
-0.027196
-0.026568
-0.025938
-0.025306
-0.024674
-0.024041
-0.023409
-0.022778
-0.022148
-0.021521
-0.020896
-0.020275
-0.019658
-0.019045
-0.018437
-0.017835
-0.017239
-0.016650
-0.016069
-0.015495
-0.014929
-0.014373
-0.013825
-0.013288
-0.012761
-0.012245
-0.011740
-0.011247
-0.010766
-0.010298
-0.009843
-0.009402
-0.008974
-0.008561
-0.008162
-0.007778
-0.007410
-0.007057
-0.006720
-0.006399
-0.006095
-0.005808
-0.005538
-0.005285
-0.005049
-0.004831
-0.004631
-0.004449
-0.004286
-0.004140
-0.004013
-0.003905
-0.003815
-0.003744
-0.003691
-0.003658
-0.003643
-0.003647
-0.003670
-0.003711
-0.003771
-0.003850
-0.003947
-0.004063
-0.004197
-0.004349
-0.004519
-0.004707
-0.004913
-0.005136
-0.005377
-0.005634
-0.005908
-0.006199
-0.006506
-0.006828
-0.007167
-0.007520
-0.007889
-0.008272
-0.008670
-0.009081
-0.009506
-0.009944
-0.010395
-0.010858
-0.011333
-0.011819
-0.012316
-0.012823
-0.013341
-0.013868
-0.014404
-0.014948
-0.015500
-0.016060
-0.016627
-0.017200
-0.017779
-0.018364
-0.018953
-0.019546
-0.020143
-0.020744
-0.021346
-0.021951
-0.022557
-0.023164
-0.023771
-0.024378
-0.024984
-0.025588
-0.026191
-0.026790
-0.027387
-0.027980
-0.028569
-0.029153
-0.029731
-0.030304
-0.030870
-0.031428
-0.031980
-0.032523
-0.033058
-0.033584
-0.034100
-0.034606
-0.035101
-0.035586
-0.036059
-0.036520
-0.036969
-0.037405
-0.037827
-0.038236
-0.038632
-0.039012
-0.039379
-0.039730
-0.040065
-0.040385
-0.040689
-0.040977
-0.041248
-0.041503
-0.041740
-0.041960
-0.042163
-0.042348
-0.042515
-0.042664
-0.042795
-0.042908
-0.043003
-0.043080
-0.043138
-0.043177
-0.043198
-0.043201
-0.043185
-0.043150
-0.043097
-0.043026
-0.042937
-0.042829
-0.042704
-0.042560
-0.042399
-0.042220
-0.042024
-0.041810
-0.041580
-0.041333
-0.041070
-0.040790
-0.040494
-0.040183
-0.039857
-0.039515
-0.039159
-0.038789
-0.038405
-0.038007
-0.037596
-0.037173
-0.036737
-0.036289
-0.035830
-0.035360
-0.034880
-0.034389
-0.033889
-0.033380
-0.032862
-0.032336
-0.031803
-0.031263
-0.030716
-0.030163
-0.029605
-0.029041
-0.028474
-0.027902
-0.027328
-0.026750
-0.026171
-0.025590
-0.025007
-0.024424
-0.023842
-0.023259
-0.022678
-0.022099
-0.021521
-0.020947
-0.020376
-0.019808
-0.019245
-0.018687
-0.018134
-0.017587
-0.017047
-0.016513
-0.015987
-0.015469
-0.014959
-0.014457
-0.013965
-0.013483
-0.013011
-0.012550
-0.012099
-0.011660
-0.011233
-0.010818
-0.010415
-0.010026
-0.009649
-0.009287
-0.008938
-0.008603
-0.008283
-0.007978
-0.007688
-0.007413
-0.007154
-0.006910
-0.006683
-0.006471
-0.006276
-0.006098
-0.005936
-0.005791
-0.005663
-0.005552
-0.005459
-0.005382
-0.005323
-0.005281
-0.005256
-0.005249
-0.005259
-0.005286
-0.005330
-0.005392
-0.005471
-0.005567
-0.005680
-0.005809
-0.005956
-0.006119
-0.006298
-0.006494
-0.006705
-0.006933
-0.007176
-0.007434
-0.007708
-0.007996
-0.008299
-0.008616
-0.008947
-0.009292
-0.009651
-0.010022
-0.010406
-0.010802
-0.011210
-0.011630
-0.012061
-0.012502
-0.012954
-0.013416
-0.013887
-0.014368
-0.014856
-0.015353
-0.015858
-0.016370
-0.016888
-0.017413
-0.017943
-0.018479
-0.019019
-0.019563
-0.020111
-0.020663
-0.021217
-0.021773
-0.022331
-0.022889
-0.023449
-0.024008
-0.024567
-0.025125
-0.025681
-0.026235
-0.026787
-0.027335
-0.027880
-0.028421
-0.028957
-0.029488
-0.030013
-0.030532
-0.031044
-0.031549
-0.032047
-0.032536
-0.033017
-0.033489
-0.033952
-0.034404
-0.034847
-0.035278
-0.035699
-0.036107
-0.036504
-0.036889
-0.037261
-0.037620
-0.037966
-0.038298
-0.038616
-0.038919
-0.039209
-0.039483
-0.039742
-0.039986
-0.040215
-0.040427
-0.040624
-0.040805
-0.040969
-0.041117
-0.041248
-0.041363
-0.041461
-0.041542
-0.041606
-0.041653
-0.041683
-0.041696
-0.041692
-0.041671
-0.041633
-0.041578
-0.041507
-0.041418
-0.041313
-0.041191
-0.041053
-0.040899
-0.040728
-0.040542
-0.040340
-0.040122
-0.039889
-0.039641
-0.039378
-0.039100
-0.038809
-0.038503
-0.038184
-0.037851
-0.037505
-0.037147
-0.036776
-0.036394
-0.035999
-0.035594
-0.035178
-0.034751
-0.034315
-0.033869
-0.033414
-0.032950
-0.032478
-0.031999
-0.031512
-0.031018
-0.030518
-0.030013
-0.029501
-0.028986
-0.028465
-0.027941
-0.027413
-0.026883
-0.026350
-0.025816
-0.025280
-0.024743
-0.024206
-0.023669
-0.023133
-0.022598
-0.022065
-0.021534
-0.021005
-0.020480
-0.019959
-0.019441
-0.018929
-0.018421
-0.017919
-0.017423
-0.016934
-0.016451
-0.015976
-0.015509
-0.015050
-0.014600
-0.014159
-0.013727
-0.013305
-0.012894
-0.012493
-0.012103
-0.011725
-0.011358
-0.011003
-0.010661
-0.010331
-0.010014
-0.009710
-0.009420
-0.009144
-0.008882
-0.008633
-0.008400
-0.008180
-0.007976
-0.007787
-0.007613
-0.007454
-0.007310
-0.007182
-0.007070
-0.006974
-0.006893
-0.006828
-0.006780
-0.006747
-0.006730
-0.006729
-0.006744
-0.006775
-0.006822
-0.006885
-0.006963
-0.007057
-0.007167
-0.007292
-0.007433
-0.007589
-0.007760
-0.007946
-0.008146
-0.008361
-0.008591
-0.008834
-0.009091
-0.009362
-0.009647
-0.009944
-0.010254
-0.010577
-0.010911
-0.011258
-0.011616
-0.011986
-0.012366
-0.012757
-0.013158
-0.013568
-0.013988
-0.014417
-0.014855
-0.015300
-0.015754
-0.016215
-0.016682
-0.017156
-0.017636
-0.018122
-0.018612
-0.019108
-0.019607
-0.020110
-0.020616
-0.021125
-0.021637
-0.022150
-0.022664
-0.023179
-0.023694
-0.024210
-0.024724
-0.025238
-0.025750
-0.026259
-0.026766
-0.027270
-0.027771
-0.028267
-0.028759
-0.029247
-0.029728
-0.030204
-0.030674
-0.031136
-0.031592
-0.032040
-0.032480
-0.032911
-0.033334
-0.033747
-0.034151
-0.034544
-0.034928
-0.035300
-0.035661
-0.036011
-0.036349
-0.036675
-0.036989
-0.037290
-0.037578
-0.037853
-0.038114
-0.038361
-0.038595
-0.038814
-0.039019
-0.039209
-0.039385
-0.039546
-0.039691
-0.039822
-0.039937
-0.040037
-0.040121
-0.040190
-0.040243
-0.040280
-0.040302
-0.040309
-0.040299
-0.040274
-0.040233
-0.040177
-0.040105
-0.040018
-0.039915
-0.039798
-0.039665
-0.039517
-0.039355
-0.039178
-0.038986
-0.038781
-0.038561
-0.038327
-0.038080
-0.037820
-0.037547
-0.037260
-0.036962
-0.036651
-0.036328
-0.035994
-0.035649
-0.035292
-0.034925
-0.034548
-0.034162
-0.033765
-0.033360
-0.032946
-0.032524
-0.032094
-0.031657
-0.031213
-0.030762
-0.030305
-0.029842
-0.029375
-0.028902
-0.028425
-0.027945
-0.027461
-0.026973
-0.026484
-0.025992
-0.025499
-0.025005
-0.024511
-0.024016
-0.023521
-0.023028
-0.022535
-0.022045
-0.021556
-0.021070
-0.020587
-0.020108
-0.019633
-0.019162
-0.018696
-0.018236
-0.017781
-0.017332
-0.016890
-0.016455
-0.016027
-0.015607
-0.015195
-0.014791
-0.014397
-0.014011
-0.013636
-0.013270
-0.012914
-0.012569
-0.012235
-0.011912
-0.011601
-0.011301
-0.011014
-0.010738
-0.010475
-0.010225
-0.009988
-0.009764
-0.009554
-0.009357
-0.009173
-0.009004
-0.008849
-0.008707
-0.008581
-0.008468
-0.008370
-0.008286
-0.008217
-0.008163
-0.008124
-0.008099
-0.008089
-0.008093
-0.008113
-0.008147
-0.008195
-0.008259
-0.008337
-0.008429
-0.008535
-0.008656
-0.008791
-0.008940
-0.009103
-0.009279
-0.009469
-0.009672
-0.009889
-0.010118
-0.010360
-0.010614
-0.010881
-0.011160
-0.011450
-0.011751
-0.012064
-0.012388
-0.012722
-0.013066
-0.013420
-0.013784
-0.014157
-0.014539
-0.014929
-0.015328
-0.015734
-0.016147
-0.016568
-0.016995
-0.017428
-0.017867
-0.018312
-0.018761
-0.019215
-0.019673
-0.020134
-0.020599
-0.021066
-0.021536
-0.022008
-0.022481
-0.022956
-0.023430
-0.023905
-0.024380
-0.024854
-0.025326
-0.025797
-0.026266
-0.026732
-0.027195
-0.027655
-0.028111
-0.028562
-0.029009
-0.029451
-0.029887
-0.030317
-0.030741
-0.031158
-0.031568
-0.031970
-0.032364
-0.032750
-0.033128
-0.033496
-0.033855
-0.034204
-0.034543
-0.034872
-0.035190
-0.035497
-0.035793
-0.036078
-0.036350
-0.036611
-0.036859
-0.037095
-0.037318
-0.037528
-0.037725
-0.037909
-0.038079
-0.038235
-0.038378
-0.038507
-0.038622
-0.038723
-0.038809
-0.038881
-0.038939
-0.038983
-0.039012
-0.039027
-0.039027
-0.039013
-0.038984
-0.038941
-0.038884
-0.038813
-0.038727
-0.038628
-0.038514
-0.038387
-0.038246
-0.038091
-0.037923
-0.037742
-0.037547
-0.037340
-0.037121
-0.036888
-0.036644
-0.036388
-0.036120
-0.035841
-0.035551
-0.035249
-0.034938
-0.034616
-0.034284
-0.033943
-0.033592
-0.033232
-0.032864
-0.032488
-0.032104
-0.031713
-0.031314
-0.030909
-0.030497
-0.030080
-0.029657
-0.029229
-0.028797
-0.028360
-0.027919
-0.027475
-0.027028
-0.026579
-0.026127
-0.025673
-0.025219
-0.024763
-0.024307
-0.023852
-0.023396
-0.022942
-0.022488
-0.022037
-0.021588
-0.021141
-0.020697
-0.020257
-0.019820
-0.019388
-0.018961
-0.018538
-0.018121
-0.017709
-0.017304
-0.016906
-0.016514
-0.016129
-0.015753
-0.015384
-0.015023
-0.014671
-0.014328
-0.013995
-0.013670
-0.013356
-0.013052
-0.012758
-0.012475
-0.012203
-0.011942
-0.011692
-0.011455
-0.011228
-0.011014
-0.010812
-0.010623
-0.010446
-0.010282
-0.010130
-0.009992
-0.009867
-0.009755
-0.009656
-0.009571
-0.009499
-0.009440
-0.009395
-0.009364
-0.009346
-0.009342
-0.009351
-0.009374
-0.009411
-0.009461
-0.009524
-0.009601
-0.009691
-0.009794
-0.009910
-0.010040
-0.010182
-0.010336
-0.010504
-0.010684
-0.010876
-0.011080
-0.011295
-0.011523
-0.011762
-0.012011
-0.012272
-0.012544
-0.012826
-0.013118
-0.013420
-0.013732
-0.014053
-0.014383
-0.014721
-0.015068
-0.015423
-0.015786
-0.016156
-0.016533
-0.016916
-0.017306
-0.017702
-0.018103
-0.018510
-0.018921
-0.019337
-0.019756
-0.020180
-0.020606
-0.021035
-0.021467
-0.021901
-0.022336
-0.022773
-0.023210
-0.023647
-0.024085
-0.024522
-0.024958
-0.025393
-0.025826
-0.026257
-0.026685
-0.027111
-0.027533
-0.027952
-0.028366
-0.028776
-0.029181
-0.029580
-0.029974
-0.030362
-0.030744
-0.031119
-0.031487
-0.031847
-0.032199
-0.032544
-0.032880
-0.033207
-0.033525
-0.033834
-0.034133
-0.034422
-0.034701
-0.034970
-0.035228
-0.035474
-0.035710
-0.035934
-0.036147
-0.036348
-0.036537
-0.036714
-0.036878
-0.037030
-0.037169
-0.037296
-0.037410
-0.037511
-0.037598
-0.037673
-0.037735
-0.037783
-0.037818
-0.037840
-0.037848
-0.037844
-0.037825
-0.037794
-0.037750
-0.037692
-0.037621
-0.037538
-0.037441
-0.037332
-0.037210
-0.037075
-0.036928
-0.036769
-0.036597
-0.036414
-0.036219
-0.036012
-0.035794
-0.035565
-0.035325
-0.035074
-0.034813
-0.034542
-0.034261
-0.033970
-0.033670
-0.033361
-0.033044
-0.032718
-0.032384
-0.032042
-0.031693
-0.031336
-0.030973
-0.030604
-0.030228
-0.029847
-0.029461
-0.029069
-0.028674
-0.028274
-0.027870
-0.027463
-0.027052
-0.026640
-0.026225
-0.025808
-0.025390
-0.024971
-0.024551
-0.024131
-0.023711
-0.023291
-0.022873
-0.022456
-0.022041
-0.021627
-0.021217
-0.020809
-0.020405
-0.020004
-0.019607
-0.019215
-0.018827
-0.018444
-0.018067
-0.017696
-0.017331
-0.016972
-0.016621
-0.016276
-0.015939
-0.015610
-0.015288
-0.014975
-0.014671
-0.014376
-0.014089
-0.013813
-0.013545
-0.013288
-0.013041
-0.012805
-0.012579
-0.012363
-0.012159
-0.011966
-0.011784
-0.011614
-0.011455
-0.011308
-0.011173
-0.011050
-0.010939
-0.010840
-0.010754
-0.010680
-0.010618
-0.010569
-0.010532
-0.010508
-0.010496
-0.010497
-0.010511
-0.010536
-0.010575
-0.010626
-0.010689
-0.010764
-0.010852
-0.010951
-0.011063
-0.011187
-0.011322
-0.011470
-0.011628
-0.011798
-0.011979
-0.012172
-0.012375
-0.012588
-0.012812
-0.013047
-0.013291
-0.013545
-0.013809
-0.014081
-0.014363
-0.014654
-0.014953
-0.015260
-0.015575
-0.015897
-0.016227
-0.016564
-0.016908
-0.017258
-0.017613
-0.017975
-0.018342
-0.018713
-0.019090
-0.019470
-0.019855
-0.020243
-0.020634
-0.021028
-0.021425
-0.021823
-0.022223
-0.022625
-0.023027
-0.023430
-0.023834
-0.024237
-0.024639
-0.025040
-0.025440
-0.025839
-0.026235
-0.026629
-0.027020
-0.027407
-0.027791
-0.028172
-0.028547
-0.028919
-0.029285
-0.029646
-0.030001
-0.030350
-0.030693
-0.031029
-0.031358
-0.031680
-0.031994
-0.032301
-0.032599
-0.032889
-0.033170
-0.033442
-0.033704
-0.033958
-0.034201
-0.034435
-0.034658
-0.034871
-0.035074
-0.035265
-0.035446
-0.035616
-0.035774
-0.035921
-0.036057
-0.036181
-0.036293
-0.036393
-0.036481
-0.036558
-0.036622
-0.036674
-0.036714
-0.036741
-0.036757
-0.036760
-0.036751
-0.036730
-0.036696
-0.036651
-0.036593
-0.036523
-0.036442
-0.036348
-0.036243
-0.036126
-0.035998
-0.035858
-0.035707
-0.035545
-0.035372
-0.035188
-0.034994
-0.034789
-0.034574
-0.034350
-0.034115
-0.033871
-0.033618
-0.033356
-0.033085
-0.032805
-0.032518
-0.032222
-0.031919
-0.031609
-0.031291
-0.030967
-0.030636
-0.030300
-0.029957
-0.029609
-0.029256
-0.028899
-0.028537
-0.028171
-0.027801
-0.027428
-0.027051
-0.026673
-0.026291
-0.025909
-0.025524
-0.025138
-0.024752
-0.024365
-0.023978
-0.023591
-0.023205
-0.022820
-0.022436
-0.022054
-0.021674
-0.021297
-0.020922
-0.020551
-0.020183
-0.019818
-0.019458
-0.019103
-0.018752
-0.018407
-0.018067
-0.017733
-0.017404
-0.017083
-0.016768
-0.016459
-0.016159
-0.015865
-0.015580
-0.015302
-0.015033
-0.014773
-0.014521
-0.014278
-0.014045
-0.013820
-0.013606
-0.013401
-0.013207
-0.013022
-0.012848
-0.012685
-0.012532
-0.012389
-0.012258
-0.012138
-0.012029
-0.011931
-0.011844
-0.011768
-0.011705
-0.011652
-0.011611
-0.011582
-0.011564
-0.011557
-0.011562
-0.011579
-0.011607
-0.011647
-0.011698
-0.011761
-0.011835
-0.011920
-0.012016
-0.012123
-0.012241
-0.012370
-0.012510
-0.012660
-0.012821
-0.012992
-0.013173
-0.013364
-0.013565
-0.013775
-0.013994
-0.014223
-0.014460
-0.014707
-0.014961
-0.015224
-0.015495
-0.015774
-0.016059
-0.016353
-0.016653
-0.016959
-0.017272
-0.017591
-0.017915
-0.018245
-0.018580
-0.018920
-0.019264
-0.019613
-0.019965
-0.020321
-0.020679
-0.021041
-0.021405
-0.021771
-0.022139
-0.022508
-0.022879
-0.023250
-0.023621
-0.023993
-0.024364
-0.024734
-0.025104
-0.025472
-0.025838
-0.026202
-0.026564
-0.026923
-0.027279
-0.027631
-0.027980
-0.028325
-0.028665
-0.029000
-0.029331
-0.029656
-0.029975
-0.030289
-0.030596
-0.030896
-0.031190
-0.031477
-0.031756
-0.032028
-0.032292
-0.032547
-0.032795
-0.033033
-0.033263
-0.033484
-0.033695
-0.033898
-0.034090
-0.034273
-0.034445
-0.034608
-0.034760
-0.034902
-0.035034
-0.035154
-0.035264
-0.035363
-0.035451
-0.035528
-0.035594
-0.035649
-0.035693
-0.035725
-0.035746
-0.035756
-0.035755
-0.035742
-0.035718
-0.035683
-0.035637
-0.035580
-0.035511
-0.035432
-0.035342
-0.035241
-0.035129
-0.035007
-0.034874
-0.034731
-0.034578
-0.034415
-0.034242
-0.034059
-0.033867
-0.033666
-0.033456
-0.033236
-0.033008
-0.032772
-0.032527
-0.032275
-0.032014
-0.031747
-0.031472
-0.031190
-0.030902
-0.030607
-0.030306
-0.029999
-0.029687
-0.029370
-0.029047
-0.028720
-0.028389
-0.028054
-0.027716
-0.027374
-0.027029
-0.026681
-0.026332
-0.025980
-0.025626
-0.025272
-0.024916
-0.024560
-0.024203
-0.023847
-0.023490
-0.023135
-0.022781
-0.022428
-0.022076
-0.021727
-0.021380
-0.021036
-0.020695
-0.020357
-0.020023
-0.019693
-0.019367
-0.019045
-0.018729
-0.018417
-0.018111
-0.017811
-0.017517
-0.017229
-0.016947
-0.016673
-0.016405
-0.016145
-0.015892
-0.015647
-0.015410
-0.015181
-0.014960
-0.014748
-0.014545
-0.014351
-0.014166
-0.013990
-0.013823
-0.013667
-0.013519
-0.013382
-0.013255
-0.013138
-0.013031
-0.012934
-0.012848
-0.012772
-0.012706
-0.012651
-0.012607
-0.012573
-0.012550
-0.012538
-0.012536
-0.012545
-0.012564
-0.012594
-0.012635
-0.012686
-0.012748
-0.012820
-0.012902
-0.012995
-0.013098
-0.013210
-0.013333
-0.013466
-0.013608
-0.013760
-0.013921
-0.014091
-0.014271
-0.014459
-0.014656
-0.014862
-0.015076
-0.015298
-0.015528
-0.015765
-0.016010
-0.016263
-0.016522
-0.016788
-0.017061
-0.017340
-0.017625
-0.017915
-0.018211
-0.018512
-0.018818
-0.019128
-0.019443
-0.019762
-0.020084
-0.020410
-0.020739
-0.021071
-0.021405
-0.021741
-0.022079
-0.022419
-0.022759
-0.023101
-0.023443
-0.023785
-0.024127
-0.024469
-0.024810
-0.025150
-0.025488
-0.025825
-0.026160
-0.026492
-0.026822
-0.027149
-0.027472
-0.027792
-0.028108
-0.028419
-0.028727
-0.029029
-0.029327
-0.029619
-0.029905
-0.030186
-0.030460
-0.030729
-0.030990
-0.031245
-0.031492
-0.031732
-0.031965
-0.032189
-0.032406
-0.032615
-0.032815
-0.033006
-0.033189
-0.033363
-0.033527
-0.033683
-0.033829
-0.033966
-0.034093
-0.034210
-0.034317
-0.034414
-0.034502
-0.034579
-0.034646
-0.034703
-0.034749
-0.034786
-0.034811
-0.034827
-0.034832
-0.034827
-0.034811
-0.034785
-0.034749
-0.034702
-0.034646
-0.034579
-0.034502
-0.034415
-0.034318
-0.034212
-0.034095
-0.033969
-0.033834
-0.033690
-0.033536
-0.033373
-0.033202
-0.033021
-0.032833
-0.032636
-0.032431
-0.032218
-0.031997
-0.031769
-0.031534
-0.031291
-0.031042
-0.030786
-0.030525
-0.030257
-0.029983
-0.029704
-0.029419
-0.029130
-0.028836
-0.028537
-0.028234
-0.027928
-0.027618
-0.027305
-0.026989
-0.026670
-0.026349
-0.026026
-0.025701
-0.025375
-0.025048
-0.024720
-0.024392
-0.024063
-0.023735
-0.023407
-0.023080
-0.022754
-0.022429
-0.022106
-0.021785
-0.021466
-0.021150
-0.020837
-0.020527
-0.020220
-0.019917
-0.019618
-0.019324
-0.019034
-0.018749
-0.018469
-0.018194
-0.017925
-0.017662
-0.017405
-0.017154
-0.016910
-0.016673
-0.016443
-0.016219
-0.016004
-0.015796
-0.015595
-0.015403
-0.015219
-0.015043
-0.014876
-0.014717
-0.014567
-0.014426
-0.014293
-0.014170
-0.014057
-0.013952
-0.013857
-0.013772
-0.013696
-0.013629
-0.013573
-0.013526
-0.013489
-0.013461
-0.013444
-0.013436
-0.013438
-0.013450
-0.013472
-0.013504
-0.013545
-0.013596
-0.013656
-0.013726
-0.013806
-0.013895
-0.013993
-0.014101
-0.014217
-0.014343
-0.014477
-0.014621
-0.014772
-0.014933
-0.015101
-0.015278
-0.015463
-0.015655
-0.015855
-0.016063
-0.016278
-0.016499
-0.016728
-0.016963
-0.017205
-0.017452
-0.017706
-0.017965
-0.018229
-0.018499
-0.018774
-0.019053
-0.019336
-0.019624
-0.019916
-0.020211
-0.020509
-0.020811
-0.021115
-0.021421
-0.021730
-0.022040
-0.022352
-0.022666
-0.022980
-0.023295
-0.023610
-0.023925
-0.024241
-0.024555
-0.024869
-0.025182
-0.025493
-0.025802
-0.026110
-0.026415
-0.026718
-0.027018
-0.027314
-0.027608
-0.027897
-0.028183
-0.028464
-0.028741
-0.029013
-0.029280
-0.029542
-0.029799
-0.030049
-0.030294
-0.030532
-0.030764
-0.030990
-0.031208
-0.031419
-0.031624
-0.031820
-0.032009
-0.032191
-0.032364
-0.032529
-0.032686
-0.032834
-0.032974
-0.033105
-0.033228
-0.033341
-0.033446
-0.033541
-0.033627
-0.033704
-0.033771
-0.033829
-0.033878
-0.033917
-0.033947
-0.033967
-0.033977
-0.033978
-0.033970
-0.033952
-0.033924
-0.033887
-0.033841
-0.033785
-0.033720
-0.033645
-0.033562
-0.033469
-0.033368
-0.033257
-0.033138
-0.033010
-0.032874
-0.032729
-0.032576
-0.032415
-0.032246
-0.032069
-0.031885
-0.031693
-0.031494
-0.031288
-0.031075
-0.030856
-0.030630
-0.030399
-0.030161
-0.029917
-0.029669
-0.029414
-0.029155
-0.028891
-0.028623
-0.028351
-0.028074
-0.027794
-0.027510
-0.027224
-0.026934
-0.026642
-0.026348
-0.026051
-0.025753
-0.025453
-0.025152
-0.024851
-0.024548
-0.024246
-0.023943
-0.023640
-0.023338
-0.023037
-0.022737
-0.022439
-0.022142
-0.021847
-0.021554
-0.021263
-0.020976
-0.020691
-0.020410
-0.020132
-0.019859
-0.019589
-0.019323
-0.019062
-0.018806
-0.018555
-0.018309
-0.018069
-0.017834
-0.017605
-0.017383
-0.017166
-0.016957
-0.016754
-0.016557
-0.016368
-0.016187
-0.016012
-0.015845
-0.015686
-0.015535
-0.015392
-0.015256
-0.015130
-0.015011
-0.014901
-0.014799
-0.014706
-0.014622
-0.014547
-0.014480
-0.014422
-0.014374
-0.014334
-0.014303
-0.014281
-0.014269
-0.014265
-0.014271
-0.014285
-0.014309
-0.014341
-0.014383
-0.014433
-0.014492
-0.014560
-0.014637
-0.014722
-0.014816
-0.014918
-0.015029
-0.015148
-0.015275
-0.015410
-0.015553
-0.015704
-0.015862
-0.016028
-0.016201
-0.016381
-0.016569
-0.016762
-0.016963
-0.017170
-0.017383
-0.017602
-0.017826
-0.018057
-0.018292
-0.018533
-0.018779
-0.019029
-0.019284
-0.019543
-0.019806
-0.020072
-0.020342
-0.020615
-0.020892
-0.021170
-0.021451
-0.021735
-0.022020
-0.022306
-0.022594
-0.022883
-0.023173
-0.023464
-0.023754
-0.024045
-0.024335
-0.024624
-0.024913
-0.025201
-0.025487
-0.025771
-0.026054
-0.026334
-0.026612
-0.026887
-0.027159
-0.027428
-0.027694
-0.027955
-0.028213
-0.028466
-0.028715
-0.028959
-0.029199
-0.029433
-0.029662
-0.029885
-0.030102
-0.030313
-0.030518
-0.030717
-0.030909
-0.031095
-0.031273
-0.031444
-0.031609
-0.031765
-0.031914
-0.032056
-0.032190
-0.032315
-0.032433
-0.032542
-0.032644
-0.032737
-0.032821
-0.032897
-0.032965
-0.033023
-0.033073
-0.033115
-0.033148
-0.033171
-0.033187
-0.033193
-0.033190
-0.033179
-0.033159
-0.033130
-0.033093
-0.033047
-0.032992
-0.032929
-0.032857
-0.032777
-0.032688
-0.032591
-0.032487
-0.032374
-0.032253
-0.032124
-0.031988
-0.031844
-0.031693
-0.031534
-0.031369
-0.031196
-0.031017
-0.030832
-0.030640
-0.030441
-0.030237
-0.030027
-0.029811
-0.029590
-0.029364
-0.029133
-0.028897
-0.028656
-0.028412
-0.028163
-0.027911
-0.027655
-0.027395
-0.027133
-0.026868
-0.026600
-0.026330
-0.026058
-0.025784
-0.025509
-0.025232
-0.024955
-0.024677
-0.024398
-0.024119
-0.023840
-0.023561
-0.023284
-0.023006
-0.022730
-0.022456
-0.022183
-0.021912
-0.021643
-0.021376
-0.021112
-0.020851
-0.020593
-0.020339
-0.020088
-0.019840
-0.019597
-0.019359
-0.019124
-0.018895
-0.018670
-0.018450
-0.018236
-0.018028
-0.017825
-0.017628
-0.017437
-0.017252
-0.017074
-0.016902
-0.016737
-0.016579
-0.016428
-0.016284
-0.016147
-0.016018
-0.015896
-0.015782
-0.015676
-0.015578
-0.015487
-0.015405
-0.015330
-0.015264
-0.015205
-0.015155
-0.015114
-0.015080
-0.015055
-0.015038
-0.015030
-0.015030
-0.015038
-0.015055
-0.015080
-0.015113
-0.015154
-0.015204
-0.015261
-0.015327
-0.015401
-0.015483
-0.015572
-0.015670
-0.015775
-0.015887
-0.016007
-0.016135
-0.016269
-0.016411
-0.016560
-0.016715
-0.016877
-0.017046
-0.017220
-0.017402
-0.017589
-0.017781
-0.017980
-0.018184
-0.018393
-0.018607
-0.018826
-0.019050
-0.019278
-0.019510
-0.019747
-0.019987
-0.020230
-0.020477
-0.020727
-0.020980
-0.021235
-0.021493
-0.021753
-0.022015
-0.022278
-0.022543
-0.022808
-0.023075
-0.023342
-0.023610
-0.023878
-0.024145
-0.024412
-0.024679
-0.024945
-0.025209
-0.025472
-0.025734
-0.025993
-0.026251
-0.026506
-0.026758
-0.027008
-0.027254
-0.027497
-0.027737
-0.027973
-0.028204
-0.028432
-0.028655
-0.028874
-0.029088
-0.029296
-0.029500
-0.029698
-0.029890
-0.030077
-0.030258
-0.030432
-0.030600
-0.030762
-0.030917
-0.031066
-0.031208
-0.031342
-0.031470
-0.031590
-0.031703
-0.031808
-0.031906
-0.031997
-0.032079
-0.032154
-0.032221
-0.032280
-0.032331
-0.032374
-0.032409
-0.032436
-0.032455
-0.032466
-0.032468
-0.032463
-0.032449
-0.032428
-0.032398
-0.032361
-0.032315
-0.032262
-0.032200
-0.032131
-0.032054
-0.031970
-0.031878
-0.031778
-0.031671
-0.031557
-0.031436
-0.031308
-0.031173
-0.031031
-0.030882
-0.030727
-0.030566
-0.030399
-0.030225
-0.030046
-0.029861
-0.029671
-0.029476
-0.029275
-0.029070
-0.028859
-0.028645
-0.028426
-0.028203
-0.027976
-0.027746
-0.027512
-0.027275
-0.027035
-0.026792
-0.026547
-0.026299
-0.026050
-0.025798
-0.025546
-0.025291
-0.025036
-0.024780
-0.024524
-0.024267
-0.024010
-0.023753
-0.023496
-0.023241
-0.022986
-0.022732
-0.022479
-0.022228
-0.021979
-0.021732
-0.021487
-0.021245
-0.021006
-0.020769
-0.020536
-0.020306
-0.020080
-0.019857
-0.019639
-0.019424
-0.019214
-0.019009
-0.018809
-0.018613
-0.018423
-0.018238
-0.018059
-0.017885
-0.017717
-0.017555
-0.017399
-0.017249
-0.017106
-0.016969
-0.016839
-0.016716
-0.016600
-0.016490
-0.016388
-0.016293
-0.016205
-0.016124
-0.016051
-0.015985
-0.015927
-0.015876
-0.015833
-0.015798
-0.015770
-0.015750
-0.015737
-0.015732
-0.015735
-0.015746
-0.015764
-0.015790
-0.015823
-0.015864
-0.015913
-0.015969
-0.016033
-0.016104
-0.016182
-0.016267
-0.016360
-0.016459
-0.016566
-0.016679
-0.016799
-0.016925
-0.017059
-0.017198
-0.017344
-0.017495
-0.017653
-0.017816
-0.017985
-0.018160
-0.018340
-0.018525
-0.018714
-0.018909
-0.019108
-0.019312
-0.019520
-0.019731
-0.019947
-0.020166
-0.020389
-0.020614
-0.020843
-0.021074
-0.021308
-0.021544
-0.021783
-0.022023
-0.022264
-0.022508
-0.022752
-0.022997
-0.023243
-0.023489
-0.023736
-0.023983
-0.024229
-0.024475
-0.024720
-0.024965
-0.025208
-0.025450
-0.025690
-0.025928
-0.026165
-0.026399
-0.026630
-0.026859
-0.027085
-0.027308
-0.027527
-0.027743
-0.027955
-0.028163
-0.028367
-0.028567
-0.028762
-0.028952
-0.029138
-0.029318
-0.029493
-0.029663
-0.029827
-0.029986
-0.030139
-0.030285
-0.030426
-0.030560
-0.030688
-0.030810
-0.030925
-0.031033
-0.031134
-0.031229
-0.031316
-0.031396
-0.031470
-0.031536
-0.031595
-0.031646
-0.031690
-0.031727
-0.031756
-0.031778
-0.031793
-0.031800
-0.031799
-0.031791
-0.031776
-0.031753
-0.031723
-0.031686
-0.031641
-0.031589
-0.031529
-0.031463
-0.031390
-0.031309
-0.031222
-0.031127
-0.031026
-0.030919
-0.030804
-0.030684
-0.030557
-0.030424
-0.030285
-0.030140
-0.029989
-0.029833
-0.029671
-0.029504
-0.029332
-0.029155
-0.028973
-0.028786
-0.028595
-0.028400
-0.028200
-0.027997
-0.027790
-0.027580
-0.027367
-0.027150
-0.026931
-0.026708
-0.026484
-0.026257
-0.026028
-0.025798
-0.025566
-0.025332
-0.025098
-0.024862
-0.024626
-0.024390
-0.024153
-0.023916
-0.023680
-0.023444
-0.023208
-0.022974
-0.022740
-0.022508
-0.022277
-0.022049
-0.021822
-0.021597
-0.021375
-0.021155
-0.020938
-0.020724
-0.020514
-0.020307
-0.020103
-0.019903
-0.019707
-0.019515
-0.019328
-0.019145
-0.018967
-0.018793
-0.018625
-0.018461
-0.018303
-0.018150
-0.018003
-0.017862
-0.017726
-0.017597
-0.017473
-0.017356
-0.017244
-0.017140
-0.017041
-0.016950
-0.016864
-0.016786
-0.016714
-0.016649
-0.016591
-0.016540
-0.016496
-0.016459
-0.016429
-0.016406
-0.016391
-0.016382
-0.016380
-0.016386
-0.016398
-0.016418
-0.016444
-0.016478
-0.016518
-0.016566
-0.016620
-0.016682
-0.016749
-0.016824
-0.016905
-0.016993
-0.017087
-0.017188
-0.017295
-0.017408
-0.017527
-0.017652
-0.017783
-0.017919
-0.018061
-0.018208
-0.018361
-0.018519
-0.018681
-0.018849
-0.019021
-0.019198
-0.019379
-0.019564
-0.019753
-0.019946
-0.020143
-0.020343
-0.020546
-0.020752
-0.020961
-0.021173
-0.021387
-0.021603
-0.021822
-0.022042
-0.022264
-0.022487
-0.022712
-0.022937
-0.023163
-0.023390
-0.023617
-0.023845
-0.024072
-0.024299
-0.024525
-0.024751
-0.024975
-0.025199
-0.025421
-0.025642
-0.025861
-0.026078
-0.026293
-0.026505
-0.026715
-0.026922
-0.027126
-0.027327
-0.027524
-0.027718
-0.027908
-0.028095
-0.028277
-0.028455
-0.028629
-0.028798
-0.028962
-0.029121
-0.029276
-0.029425
-0.029569
-0.029708
-0.029841
-0.029968
-0.030089
-0.030205
-0.030314
-0.030418
-0.030515
-0.030606
-0.030690
-0.030768
-0.030840
-0.030905
-0.030963
-0.031014
-0.031059
-0.031097
-0.031129
-0.031153
-0.031170
-0.031181
-0.031185
-0.031182
-0.031172
-0.031155
-0.031131
-0.031101
-0.031064
-0.031020
-0.030969
-0.030912
-0.030848
-0.030778
-0.030701
-0.030618
-0.030529
-0.030434
-0.030332
-0.030225
-0.030111
-0.029992
-0.029868
-0.029737
-0.029602
-0.029461
-0.029315
-0.029164
-0.029008
-0.028848
-0.028683
-0.028513
-0.028340
-0.028163
-0.027981
-0.027796
-0.027608
-0.027416
-0.027221
-0.027023
-0.026823
-0.026619
-0.026414
-0.026206
-0.025997
-0.025785
-0.025572
-0.025358
-0.025142
-0.024926
-0.024709
-0.024491
-0.024273
-0.024055
-0.023837
-0.023619
-0.023402
-0.023185
-0.022969
-0.022754
-0.022541
-0.022329
-0.022119
-0.021911
-0.021705
-0.021501
-0.021299
-0.021101
-0.020905
-0.020712
-0.020522
-0.020336
-0.020153
-0.019974
-0.019799
-0.019627
-0.019460
-0.019298
-0.019140
-0.018986
-0.018837
-0.018694
-0.018555
-0.018421
-0.018293
-0.018170
-0.018053
-0.017941
-0.017835
-0.017735
-0.017641
-0.017552
-0.017470
-0.017394
-0.017324
-0.017261
-0.017203
-0.017152
-0.017108
-0.017070
-0.017038
-0.017013
-0.016994
-0.016982
-0.016977
-0.016978
-0.016985
-0.017000
-0.017020
-0.017047
-0.017081
-0.017121
-0.017167
-0.017219
-0.017278
-0.017343
-0.017414
-0.017492
-0.017575
-0.017664
-0.017759
-0.017860
-0.017966
-0.018078
-0.018195
-0.018318
-0.018445
-0.018578
-0.018716
-0.018859
-0.019006
-0.019157
-0.019314
-0.019474
-0.019638
-0.019807
-0.019979
-0.020154
-0.020334
-0.020516
-0.020701
-0.020890
-0.021081
-0.021274
-0.021470
-0.021669
-0.021869
-0.022071
-0.022274
-0.022479
-0.022685
-0.022893
-0.023101
-0.023309
-0.023518
-0.023728
-0.023937
-0.024146
-0.024355
-0.024564
-0.024771
-0.024978
-0.025184
-0.025388
-0.025590
-0.025791
-0.025991
-0.026188
-0.026382
-0.026575
-0.026764
-0.026951
-0.027135
-0.027316
-0.027493
-0.027667
-0.027837
-0.028003
-0.028166
-0.028324
-0.028478
-0.028628
-0.028773
-0.028913
-0.029049
-0.029180
-0.029305
-0.029426
-0.029541
-0.029651
-0.029755
-0.029853
-0.029946
-0.030034
-0.030115
-0.030191
-0.030260
-0.030324
-0.030381
-0.030432
-0.030477
-0.030516
-0.030549
-0.030575
-0.030595
-0.030609
-0.030616
-0.030617
-0.030612
-0.030600
-0.030582
-0.030558
-0.030527
-0.030491
-0.030448
-0.030399
-0.030344
-0.030283
-0.030216
-0.030143
-0.030064
-0.029980
-0.029890
-0.029794
-0.029693
-0.029586
-0.029475
-0.029358
-0.029236
-0.029109
-0.028977
-0.028841
-0.028700
-0.028555
-0.028406
-0.028252
-0.028095
-0.027933
-0.027769
-0.027600
-0.027428
-0.027254
-0.027076
-0.026895
-0.026712
-0.026526
-0.026338
-0.026148
-0.025956
-0.025762
-0.025567
-0.025370
-0.025172
-0.024973
-0.024774
-0.024573
-0.024372
-0.024172
-0.023970
-0.023770
-0.023569
-0.023369
-0.023170
-0.022971
-0.022774
-0.022578
-0.022383
-0.022190
-0.021999
-0.021810
-0.021623
-0.021438
-0.021256
-0.021076
-0.020900
-0.020726
-0.020556
-0.020389
-0.020225
-0.020065
-0.019909
-0.019756
-0.019608
-0.019464
-0.019324
-0.019189
-0.019058
-0.018932
-0.018811
-0.018695
-0.018583
-0.018477
-0.018376
-0.018281
-0.018190
-0.018106
-0.018027
-0.017953
-0.017885
-0.017823
-0.017767
-0.017716
-0.017671
-0.017633
-0.017600
-0.017573
-0.017552
-0.017538
-0.017529
-0.017526
-0.017529
-0.017539
-0.017554
-0.017575
-0.017602
-0.017636
-0.017675
-0.017720
-0.017770
-0.017827
-0.017889
-0.017957
-0.018030
-0.018109
-0.018193
-0.018283
-0.018378
-0.018478
-0.018583
-0.018693
-0.018807
-0.018927
-0.019051
-0.019180
-0.019313
-0.019450
-0.019592
-0.019737
-0.019886
-0.020039
-0.020196
-0.020356
-0.020519
-0.020685
-0.020854
-0.021026
-0.021201
-0.021378
-0.021557
-0.021739
-0.021922
-0.022107
-0.022294
-0.022482
-0.022671
-0.022862
-0.023053
-0.023245
-0.023437
-0.023630
-0.023823
-0.024016
-0.024209
-0.024401
-0.024593
-0.024784
-0.024974
-0.025162
-0.025350
-0.025536
-0.025721
-0.025903
-0.026084
-0.026263
-0.026439
-0.026613
-0.026784
-0.026952
-0.027117
-0.027279
-0.027438
-0.027594
-0.027745
-0.027894
-0.028038
-0.028178
-0.028315
-0.028446
-0.028574
-0.028697
-0.028816
-0.028930
-0.029039
-0.029143
-0.029242
-0.029336
-0.029425
-0.029508
-0.029587
-0.029660
-0.029727
-0.029789
-0.029845
-0.029896
-0.029941
-0.029980
-0.030014
-0.030041
-0.030063
-0.030079
-0.030090
-0.030094
-0.030093
-0.030086
-0.030073
-0.030054
-0.030029
-0.029999
-0.029963
-0.029921
-0.029874
-0.029821
-0.029763
-0.029699
-0.029630
-0.029555
-0.029475
-0.029390
-0.029300
-0.029205
-0.029105
-0.029000
-0.028891
-0.028777
-0.028658
-0.028535
-0.028408
-0.028277
-0.028141
-0.028002
-0.027859
-0.027713
-0.027563
-0.027410
-0.027253
-0.027094
-0.026932
-0.026767
-0.026600
-0.026430
-0.026258
-0.026084
-0.025908
-0.025731
-0.025551
-0.025371
-0.025189
-0.025007
-0.024823
-0.024639
-0.024454
-0.024269
-0.024084
-0.023899
-0.023714
-0.023529
-0.023345
-0.023161
-0.022979
-0.022798
-0.022617
-0.022439
-0.022261
-0.022086
-0.021912
-0.021741
-0.021572
-0.021405
-0.021240
-0.021079
-0.020920
-0.020764
-0.020611
-0.020461
-0.020315
-0.020173
-0.020034
-0.019899
-0.019767
-0.019640
-0.019517
-0.019398
-0.019284
-0.019174
-0.019069
-0.018968
-0.018872
-0.018781
-0.018695
-0.018613
-0.018537
-0.018466
-0.018401
-0.018340
-0.018285
-0.018235
-0.018191
-0.018151
-0.018118
-0.018090
-0.018067
-0.018050
-0.018039
-0.018033
-0.018033
-0.018038
-0.018049
-0.018065
-0.018087
-0.018114
-0.018147
-0.018185
-0.018228
-0.018277
-0.018331
-0.018390
-0.018455
-0.018524
-0.018599
-0.018679
-0.018763
-0.018852
-0.018946
-0.019045
-0.019148
-0.019256
-0.019368
-0.019484
-0.019604
-0.019728
-0.019856
-0.019988
-0.020123
-0.020262
-0.020404
-0.020550
-0.020698
-0.020850
-0.021004
-0.021161
-0.021321
-0.021482
-0.021646
-0.021812
-0.021980
-0.022150
-0.022321
-0.022493
-0.022667
-0.022842
-0.023018
-0.023194
-0.023371
-0.023549
-0.023727
-0.023904
-0.024082
-0.024260
-0.024437
-0.024613
-0.024789
-0.024963
-0.025137
-0.025309
-0.025480
-0.025649
-0.025817
-0.025983
-0.026146
-0.026308
-0.026467
-0.026624
-0.026777
-0.026929
-0.027077
-0.027222
-0.027364
-0.027502
-0.027638
-0.027769
-0.027897
-0.028021
-0.028141
-0.028257
-0.028369
-0.028476
-0.028579
-0.028678
-0.028772
-0.028862
-0.028946
-0.029026
-0.029101
-0.029172
-0.029237
-0.029297
-0.029352
-0.029402
-0.029446
-0.029486
-0.029520
-0.029548
-0.029572
-0.029590
-0.029603
-0.029610
-0.029612
-0.029609
-0.029600
-0.029586
-0.029567
-0.029542
-0.029512
-0.029477
-0.029436
-0.029391
-0.029340
-0.029284
-0.029224
-0.029158
-0.029087
-0.029012
-0.028932
-0.028847
-0.028757
-0.028664
-0.028565
-0.028463
-0.028356
-0.028245
-0.028130
-0.028012
-0.027889
-0.027763
-0.027634
-0.027501
-0.027365
-0.027226
-0.027083
-0.026938
-0.026790
-0.026640
-0.026487
-0.026332
-0.026175
-0.026016
-0.025855
-0.025692
-0.025528
-0.025362
-0.025196
-0.025028
-0.024859
-0.024690
-0.024520
-0.024349
-0.024179
-0.024008
-0.023838
-0.023667
-0.023497
-0.023328
-0.023159
-0.022992
-0.022825
-0.022659
-0.022495
-0.022332
-0.022171
-0.022012
-0.021855
-0.021700
-0.021547
-0.021396
-0.021248
-0.021103
-0.020960
-0.020821
-0.020684
-0.020551
-0.020421
-0.020294
-0.020171
-0.020051
-0.019935
-0.019824
-0.019716
-0.019612
-0.019512
-0.019417
-0.019326
-0.019239
-0.019157
-0.019079
-0.019006
-0.018938
-0.018874
-0.018815
-0.018762
-0.018713
-0.018669
-0.018630
-0.018596
-0.018567
-0.018543
-0.018524
-0.018510
-0.018502
-0.018498
-0.018500
-0.018507
-0.018519
-0.018536
-0.018558
-0.018585
-0.018617
-0.018654
-0.018696
-0.018743
-0.018795
-0.018851
-0.018912
-0.018978
-0.019049
-0.019124
-0.019204
-0.019288
-0.019376
-0.019469
-0.019565
-0.019666
-0.019771
-0.019879
-0.019991
-0.020107
-0.020226
-0.020349
-0.020475
-0.020604
-0.020737
-0.020872
-0.021010
-0.021151
-0.021294
-0.021439
-0.021587
-0.021737
-0.021889
-0.022042
-0.022198
-0.022354
-0.022513
-0.022672
-0.022833
-0.022994
-0.023156
-0.023319
-0.023483
-0.023646
-0.023810
-0.023974
-0.024137
-0.024301
-0.024464
-0.024626
-0.024787
-0.024948
-0.025107
-0.025266
-0.025423
-0.025578
-0.025732
-0.025884
-0.026034
-0.026182
-0.026327
-0.026471
-0.026611
-0.026750
-0.026885
-0.027018
-0.027147
-0.027274
-0.027397
-0.027517
-0.027633
-0.027746
-0.027855
-0.027960
-0.028062
-0.028159
-0.028253
-0.028342
-0.028427
-0.028508
-0.028584
-0.028656
-0.028723
-0.028786
-0.028844
-0.028898
-0.028947
-0.028991
-0.029030
-0.029064
-0.029094
-0.029118
-0.029138
-0.029153
-0.029162
-0.029167
-0.029167
-0.029162
-0.029152
-0.029137
-0.029118
-0.029093
-0.029063
-0.029029
-0.028990
-0.028946
-0.028898
-0.028844
-0.028787
-0.028724
-0.028658
-0.028586
-0.028511
-0.028431
-0.028347
-0.028259
-0.028167
-0.028071
-0.027971
-0.027868
-0.027761
-0.027650
-0.027536
-0.027418
-0.027298
-0.027174
-0.027048
-0.026918
-0.026786
-0.026651
-0.026514
-0.026375
-0.026233
-0.026090
-0.025944
-0.025797
-0.025648
-0.025497
-0.025346
-0.025193
-0.025039
-0.024884
-0.024728
-0.024572
-0.024415
-0.024258
-0.024101
-0.023943
-0.023786
-0.023630
-0.023473
-0.023317
-0.023162
-0.023008
-0.022855
-0.022703
-0.022552
-0.022403
-0.022255
-0.022109
-0.021965
-0.021823
-0.021682
-0.021545
-0.021409
-0.021276
-0.021146
-0.021018
-0.020894
-0.020772
-0.020653
-0.020538
-0.020425
-0.020317
-0.020211
-0.020110
-0.020012
-0.019917
-0.019827
-0.019741
-0.019658
-0.019580
-0.019506
-0.019436
-0.019370
-0.019309
-0.019252
-0.019200
-0.019152
-0.019109
-0.019070
-0.019036
-0.019006
-0.018982
-0.018961
-0.018946
-0.018935
-0.018929
-0.018928
-0.018931
-0.018939
-0.018952
-0.018970
-0.018992
-0.019018
-0.019050
-0.019086
-0.019126
-0.019171
-0.019221
-0.019275
-0.019333
-0.019395
-0.019462
-0.019533
-0.019608
-0.019687
-0.019770
-0.019856
-0.019947
-0.020041
-0.020139
-0.020240
-0.020345
-0.020453
-0.020564
-0.020679
-0.020796
-0.020916
-0.021039
-0.021165
-0.021293
-0.021423
-0.021556
-0.021691
-0.021828
-0.021967
-0.022107
-0.022250
-0.022393
-0.022538
-0.022685
-0.022832
-0.022980
-0.023129
-0.023279
-0.023429
-0.023580
-0.023731
-0.023882
-0.024033
-0.024183
-0.024334
-0.024483
-0.024633
-0.024781
-0.024929
-0.025075
-0.025221
-0.025365
-0.025507
-0.025648
-0.025787
-0.025925
-0.026060
-0.026194
-0.026325
-0.026454
-0.026580
-0.026704
-0.026825
-0.026943
-0.027058
-0.027171
-0.027280
-0.027386
-0.027488
-0.027587
-0.027683
-0.027775
-0.027863
-0.027948
-0.028029
-0.028105
-0.028178
-0.028247
-0.028312
-0.028372
-0.028428
-0.028480
-0.028528
-0.028571
-0.028610
-0.028644
-0.028674
-0.028699
-0.028720
-0.028737
-0.028748
-0.028756
-0.028758
-0.028757
-0.028750
-0.028739
-0.028724
-0.028704
-0.028679
-0.028650
-0.028617
-0.028579
-0.028537
-0.028491
-0.028440
-0.028385
-0.028326
-0.028263
-0.028196
-0.028125
-0.028050
-0.027971
-0.027888
-0.027802
-0.027712
-0.027619
-0.027522
-0.027422
-0.027319
-0.027213
-0.027104
-0.026991
-0.026876
-0.026759
-0.026639
-0.026516
-0.026391
-0.026264
-0.026135
-0.026003
-0.025870
-0.025735
-0.025599
-0.025461
-0.025322
-0.025182
-0.025041
-0.024898
-0.024755
-0.024612
-0.024468
-0.024323
-0.024178
-0.024033
-0.023889
-0.023744
-0.023599
-0.023456
-0.023312
-0.023170
-0.023028
-0.022887
-0.022747
-0.022609
-0.022472
-0.022336
-0.022203
-0.022070
-0.021940
-0.021812
-0.021686
-0.021562
-0.021440
-0.021321
-0.021204
-0.021091
-0.020979
-0.020871
-0.020766
-0.020664
-0.020565
-0.020469
-0.020377
-0.020288
-0.020202
-0.020120
-0.020042
-0.019968
-0.019897
-0.019830
-0.019768
-0.019709
-0.019654
-0.019603
-0.019556
-0.019514
-0.019476
-0.019442
-0.019412
-0.019386
-0.019365
-0.019348
-0.019336
-0.019327
-0.019324
-0.019324
-0.019329
-0.019338
-0.019352
-0.019369
-0.019391
-0.019418
-0.019448
-0.019483
-0.019522
-0.019565
-0.019612
-0.019663
-0.019719
-0.019778
-0.019841
-0.019907
-0.019978
-0.020052
-0.020130
-0.020211
-0.020296
-0.020384
-0.020476
-0.020570
-0.020668
-0.020769
-0.020872
-0.020979
-0.021088
-0.021200
-0.021314
-0.021431
-0.021550
-0.021671
-0.021794
-0.021919
-0.022046
-0.022174
-0.022305
-0.022436
-0.022569
-0.022703
-0.022838
-0.022975
-0.023111
-0.023249
-0.023387
-0.023526
-0.023665
-0.023804
-0.023943
-0.024082
-0.024220
-0.024359
-0.024497
-0.024634
-0.024770
-0.024906
-0.025041
-0.025174
-0.025306
-0.025437
-0.025566
-0.025694
-0.025820
-0.025944
-0.026066
-0.026186
-0.026304
-0.026419
-0.026532
-0.026643
-0.026751
-0.026856
-0.026958
-0.027058
-0.027154
-0.027247
-0.027337
-0.027424
-0.027508
-0.027588
-0.027664
-0.027737
-0.027806
-0.027872
-0.027934
-0.027992
-0.028046
-0.028096
-0.028142
-0.028185
-0.028223
-0.028257
-0.028287
-0.028313
-0.028335
-0.028352
-0.028366
-0.028375
-0.028380
-0.028381
-0.028377
-0.028370
-0.028358
-0.028342
-0.028322
-0.028298
-0.028270
-0.028238
-0.028201
-0.028161
-0.028117
-0.028068
-0.028016
-0.027960
-0.027901
-0.027838
-0.027771
-0.027700
-0.027626
-0.027549
-0.027468
-0.027384
-0.027297
-0.027207
-0.027113
-0.027017
-0.026918
-0.026816
-0.026712
-0.026605
-0.026496
-0.026384
-0.026270
-0.026154
-0.026036
-0.025917
-0.025795
-0.025672
-0.025547
-0.025421
-0.025293
-0.025165
-0.025035
-0.024905
-0.024773
-0.024641
-0.024509
-0.024376
-0.024242
-0.024109
-0.023976
-0.023842
-0.023709
-0.023576
-0.023444
-0.023312
-0.023181
-0.023050
-0.022921
-0.022793
-0.022666
-0.022540
-0.022416
-0.022293
-0.022172
-0.022053
-0.021935
-0.021820
-0.021706
-0.021595
-0.021486
-0.021380
-0.021276
-0.021174
-0.021076
-0.020980
-0.020887
-0.020797
-0.020710
-0.020626
-0.020545
-0.020468
-0.020394
-0.020323
-0.020256
-0.020192
-0.020132
-0.020075
-0.020023
-0.019973
-0.019928
-0.019887
-0.019849
-0.019815
-0.019785
-0.019759
-0.019738
-0.019720
-0.019706
-0.019696
-0.019690
-0.019688
-0.019690
-0.019696
-0.019706
-0.019720
-0.019738
-0.019759
-0.019785
-0.019815
-0.019849
-0.019886
-0.019927
-0.019972
-0.020021
-0.020073
-0.020129
-0.020188
-0.020251
-0.020317
-0.020387
-0.020460
-0.020536
-0.020616
-0.020698
-0.020784
-0.020872
-0.020963
-0.021057
-0.021153
-0.021253
-0.021354
-0.021458
-0.021564
-0.021673
-0.021783
-0.021895
-0.022009
-0.022125
-0.022243
-0.022362
-0.022482
-0.022604
-0.022727
-0.022851
-0.022976
-0.023102
-0.023228
-0.023355
-0.023483
-0.023610
-0.023738
-0.023867
-0.023995
-0.024123
-0.024250
-0.024378
-0.024504
-0.024631
-0.024756
-0.024881
-0.025004
-0.025127
-0.025248
-0.025368
-0.025487
-0.025604
-0.025719
-0.025833
-0.025944
-0.026054
-0.026162
-0.026267
-0.026371
-0.026471
-0.026570
-0.026666
-0.026759
-0.026849
-0.026937
-0.027022
-0.027104
-0.027182
-0.027258
-0.027330
-0.027400
-0.027465
-0.027528
-0.027587
-0.027643
-0.027695
-0.027743
-0.027788
-0.027829
-0.027867
-0.027900
-0.027930
-0.027956
-0.027979
-0.027997
-0.028012
-0.028023
-0.028030
-0.028033
-0.028032
-0.028028
-0.028019
-0.028007
-0.027991
-0.027971
-0.027947
-0.027920
-0.027888
-0.027853
-0.027815
-0.027773
-0.027727
-0.027677
-0.027625
-0.027568
-0.027509
-0.027446
-0.027380
-0.027310
-0.027238
-0.027162
-0.027084
-0.027002
-0.026918
-0.026831
-0.026741
-0.026649
-0.026554
-0.026457
-0.026358
-0.026256
-0.026153
-0.026047
-0.025939
-0.025830
-0.025719
-0.025606
-0.025492
-0.025377
-0.025260
-0.025142
-0.025023
-0.024904
-0.024783
-0.024662
-0.024540
-0.024418
-0.024295
-0.024172
-0.024049
-0.023926
-0.023803
-0.023681
-0.023558
-0.023437
-0.023315
-0.023195
-0.023075
-0.022956
-0.022839
-0.022722
-0.022607
-0.022493
-0.022380
-0.022269
-0.022160
-0.022052
-0.021947
-0.021843
-0.021741
-0.021642
-0.021545
-0.021450
-0.021357
-0.021267
-0.021180
-0.021096
-0.021014
-0.020935
-0.020858
-0.020785
-0.020715
-0.020648
-0.020584
-0.020523
-0.020466
-0.020412
-0.020361
-0.020314
-0.020270
-0.020229
-0.020193
-0.020159
-0.020130
-0.020104
-0.020081
-0.020062
-0.020047
-0.020036
-0.020028
-0.020024
-0.020023
-0.020027
-0.020034
-0.020044
-0.020059
-0.020077
-0.020098
-0.020124
-0.020152
-0.020185
-0.020220
-0.020260
-0.020303
-0.020349
-0.020398
-0.020451
-0.020507
-0.020566
-0.020629
-0.020694
-0.020762
-0.020834
-0.020908
-0.020985
-0.021065
-0.021147
-0.021232
-0.021320
-0.021410
-0.021502
-0.021596
-0.021693
-0.021792
-0.021892
-0.021995
-0.022099
-0.022205
-0.022312
-0.022421
-0.022531
-0.022643
-0.022755
-0.022869
-0.022984
-0.023099
-0.023215
-0.023332
-0.023449
-0.023567
-0.023684
-0.023802
-0.023920
-0.024038
-0.024156
-0.024274
-0.024391
-0.024508
-0.024624
-0.024739
-0.024853
-0.024967
-0.025079
-0.025191
-0.025301
-0.025409
-0.025516
-0.025622
-0.025726
-0.025828
-0.025929
-0.026027
-0.026123
-0.026218
-0.026310
-0.026400
-0.026487
-0.026572
-0.026654
-0.026734
-0.026811
-0.026885
-0.026957
-0.027025
-0.027091
-0.027153
-0.027213
-0.027269
-0.027322
-0.027372
-0.027419
-0.027462
-0.027502
-0.027539
-0.027572
-0.027602
-0.027628
-0.027651
-0.027670
-0.027685
-0.027698
-0.027706
-0.027711
-0.027713
-0.027711
-0.027705
-0.027696
-0.027683
-0.027667
-0.027647
-0.027624
-0.027597
-0.027567
-0.027533
-0.027497
-0.027456
-0.027413
-0.027366
-0.027316
-0.027263
-0.027207
-0.027148
-0.027086
-0.027021
-0.026953
-0.026882
-0.026809
-0.026733
-0.026654
-0.026573
-0.026489
-0.026403
-0.026315
-0.026225
-0.026133
-0.026038
-0.025942
-0.025844
-0.025744
-0.025643
-0.025540
-0.025436
-0.025330
-0.025223
-0.025115
-0.025006
-0.024897
-0.024786
-0.024675
-0.024563
-0.024450
-0.024337
-0.024224
-0.024111
-0.023998
-0.023884
-0.023771
-0.023658
-0.023546
-0.023434
-0.023322
-0.023212
-0.023102
-0.022993
-0.022884
