0.000000
0.000000
-0.000088
-0.000265
-0.000528
-0.000878
-0.001314
-0.001834
-0.002436
-0.003120
-0.003882
-0.004722
-0.005636
-0.006621
-0.007676
-0.008797
-0.009981
-0.011225
-0.012525
-0.013877
-0.015278
-0.016724
-0.018210
-0.019733
-0.021288
-0.022871
-0.024476
-0.026101
-0.027740
-0.029387
-0.031040
-0.032692
-0.034340
-0.035978
-0.037602
-0.039206
-0.040787
-0.042340
-0.043860
-0.045343
-0.046785
-0.048181
-0.049527
-0.050819
-0.052054
-0.053228
-0.054337
-0.055379
-0.056350
-0.057247
-0.058068
-0.058811
-0.059473
-0.060052
-0.060547
-0.060956
-0.061278
-0.061513
-0.061660
-0.061717
-0.061687
-0.061567
-0.061360
-0.061065
-0.060684
-0.060218
-0.059668
-0.059037
-0.058326
-0.057537
-0.056673
-0.055737
-0.054732
-0.053660
-0.052525
-0.051330
-0.050080
-0.048777
-0.047426
-0.046031
-0.044595
-0.043124
-0.041622
-0.040092
-0.038540
-0.036971
-0.035388
-0.033796
-0.032200
-0.030604
-0.029014
-0.027433
-0.025866
-0.024318
-0.022792
-0.021294
-0.019827
-0.018396
-0.017004
-0.015655
-0.014353
-0.013102
-0.011905
-0.010765
-0.009685
-0.008668
-0.007718
-0.006836
-0.006024
-0.005286
-0.004622
-0.004035
-0.003525
-0.003096
-0.002746
-0.002478
-0.002292
-0.002188
-0.002167
-0.002228
-0.002371
-0.002596
-0.002902
-0.003288
-0.003753
-0.004296
-0.004914
-0.005607
-0.006372
-0.007207
-0.008109
-0.009077
-0.010107
-0.011197
-0.012343
-0.013543
-0.014792
-0.016087
-0.017425
-0.018802
-0.020213
-0.021656
-0.023125
-0.024618
-0.026128
-0.027653
-0.029187
-0.030726
-0.032267
-0.033804
-0.035333
-0.036850
-0.038350
-0.039829
-0.041283
-0.042708
-0.044098
-0.045451
-0.046762
-0.048028
-0.049245
-0.050409
-0.051517
-0.052566
-0.053552
-0.054473
-0.055326
-0.056109
-0.056819
-0.057455
-0.058014
-0.058495
-0.058896
-0.059217
-0.059456
-0.059614
-0.059689
-0.059681
-0.059591
-0.059418
-0.059165
-0.058830
-0.058416
-0.057925
-0.057356
-0.056713
-0.055997
-0.055210
-0.054355
-0.053435
-0.052453
-0.051410
-0.050312
-0.049160
-0.047959
-0.046711
-0.045422
-0.044094
-0.042732
-0.041339
-0.039920
-0.038479
-0.037020
-0.035548
-0.034066
-0.032579
-0.031091
-0.029607
-0.028131
-0.026667
-0.025218
-0.023790
-0.022387
-0.021011
-0.019667
-0.018359
-0.017091
-0.015865
-0.014686
-0.013556
-0.012479
-0.011457
-0.010493
-0.009591
-0.008751
-0.007977
-0.007270
-0.006633
-0.006067
-0.005573
-0.005153
-0.004808
-0.004538
-0.004345
-0.004229
-0.004189
-0.004227
-0.004341
-0.004532
-0.004798
-0.005139
-0.005555
-0.006043
-0.006602
-0.007231
-0.007928
-0.008691
-0.009517
-0.010405
-0.011351
-0.012354
-0.013410
-0.014517
-0.015670
-0.016868
-0.018106
-0.019381
-0.020690
-0.022028
-0.023392
-0.024778
-0.026183
-0.027601
-0.029029
-0.030463
-0.031900
-0.033333
-0.034761
-0.036177
-0.037579
-0.038963
-0.040324
-0.041658
-0.042962
-0.044231
-0.045463
-0.046653
-0.047798
-0.048894
-0.049940
-0.050930
-0.051864
-0.052737
-0.053547
-0.054293
-0.054971
-0.055580
-0.056119
-0.056585
-0.056977
-0.057295
-0.057537
-0.057702
-0.057791
-0.057803
-0.057738
-0.057597
-0.057380
-0.057087
-0.056720
-0.056280
-0.055769
-0.055187
-0.054537
-0.053821
-0.053041
-0.052199
-0.051298
-0.050341
-0.049331
-0.048270
-0.047163
-0.046011
-0.044820
-0.043591
-0.042330
-0.041039
-0.039723
-0.038385
-0.037029
-0.035660
-0.034281
-0.032896
-0.031509
-0.030125
-0.028746
-0.027378
-0.026024
-0.024687
-0.023372
-0.022083
-0.020822
-0.019594
-0.018401
-0.017248
-0.016137
-0.015071
-0.014054
-0.013088
-0.012175
-0.011318
-0.010520
-0.009782
-0.009107
-0.008496
-0.007951
-0.007474
-0.007065
-0.006725
-0.006456
-0.006258
-0.006131
-0.006077
-0.006094
-0.006182
-0.006343
-0.006574
-0.006875
-0.007245
-0.007684
-0.008189
-0.008760
-0.009395
-0.010091
-0.010848
-0.011662
-0.012531
-0.013454
-0.014427
-0.015448
-0.016513
-0.017620
-0.018766
-0.019947
-0.021159
-0.022401
-0.023667
-0.024955
-0.026260
-0.027579
-0.028909
-0.030245
-0.031583
-0.032920
-0.034252
-0.035575
-0.036885
-0.038179
-0.039453
-0.040702
-0.041924
-0.043115
-0.044271
-0.045389
-0.046466
-0.047499
-0.048485
-0.049420
-0.050303
-0.051130
-0.051899
-0.052609
-0.053256
-0.053839
-0.054357
-0.054807
-0.055190
-0.055502
-0.055745
-0.055917
-0.056017
-0.056046
-0.056003
-0.055889
-0.055704
-0.055449
-0.055124
-0.054731
-0.054271
-0.053745
-0.053155
-0.052504
-0.051791
-0.051022
-0.050196
-0.049317
-0.048388
-0.047412
-0.046391
-0.045328
-0.044227
-0.043091
-0.041923
-0.040727
-0.039506
-0.038264
-0.037004
-0.035731
-0.034448
-0.033158
-0.031866
-0.030574
-0.029288
-0.028010
-0.026744
-0.025493
-0.024262
-0.023054
-0.021871
-0.020718
-0.019598
-0.018513
-0.017467
-0.016462
-0.015502
-0.014589
-0.013725
-0.012912
-0.012154
-0.011452
-0.010808
-0.010223
-0.009699
-0.009238
-0.008841
-0.008508
-0.008240
-0.008039
-0.007905
-0.007837
-0.007837
-0.007903
-0.008036
-0.008236
-0.008501
-0.008831
-0.009224
-0.009681
-0.010199
-0.010776
-0.011412
-0.012104
-0.012851
-0.013650
-0.014498
-0.015395
-0.016336
-0.017320
-0.018343
-0.019403
-0.020496
-0.021620
-0.022771
-0.023947
-0.025143
-0.026356
-0.027583
-0.028820
-0.030064
-0.031311
-0.032558
-0.033801
-0.035036
-0.036261
-0.037470
-0.038662
-0.039832
-0.040977
-0.042093
-0.043178
-0.044229
-0.045242
-0.046214
-0.047143
-0.048026
-0.048860
-0.049643
-0.050373
-0.051047
-0.051664
-0.052222
-0.052719
-0.053153
-0.053525
-0.053832
-0.054074
-0.054250
-0.054359
-0.054402
-0.054378
-0.054288
-0.054132
-0.053910
-0.053623
-0.053273
-0.052859
-0.052384
-0.051850
-0.051256
-0.050607
-0.049902
-0.049146
-0.048339
-0.047485
-0.046586
-0.045645
-0.044664
-0.043647
-0.042596
-0.041515
-0.040407
-0.039274
-0.038122
-0.036952
-0.035768
-0.034574
-0.033373
-0.032169
-0.030965
-0.029764
-0.028570
-0.027387
-0.026218
-0.025065
-0.023933
-0.022824
-0.021742
-0.020690
-0.019670
-0.018685
-0.017739
-0.016833
-0.015970
-0.015153
-0.014384
-0.013664
-0.012996
-0.012382
-0.011823
-0.011320
-0.010876
-0.010491
-0.010165
-0.009901
-0.009698
-0.009558
-0.009480
-0.009464
-0.009511
-0.009620
-0.009791
-0.010024
-0.010317
-0.010670
-0.011082
-0.011551
-0.012077
-0.012657
-0.013290
-0.013974
-0.014708
-0.015489
-0.016314
-0.017182
-0.018090
-0.019036
-0.020016
-0.021029
-0.022070
-0.023138
-0.024228
-0.025339
-0.026466
-0.027608
-0.028759
-0.029917
-0.031079
-0.032242
-0.033401
-0.034555
-0.035698
-0.036829
-0.037944
-0.039039
-0.040111
-0.041158
-0.042177
-0.043163
-0.044115
-0.045030
-0.045906
-0.046738
-0.047526
-0.048267
-0.048959
-0.049599
-0.050187
-0.050719
-0.051196
-0.051615
-0.051975
-0.052275
-0.052515
-0.052693
-0.052810
-0.052865
-0.052858
-0.052789
-0.052658
-0.052466
-0.052213
-0.051901
-0.051530
-0.051101
-0.050616
-0.050076
-0.049484
-0.048840
-0.048147
-0.047407
-0.046621
-0.045794
-0.044926
-0.044021
-0.043081
-0.042110
-0.041109
-0.040082
-0.039032
-0.037962
-0.036876
-0.035776
-0.034665
-0.033547
-0.032425
-0.031302
-0.030182
-0.029068
-0.027962
-0.026869
-0.025790
-0.024730
-0.023690
-0.022675
-0.021687
-0.020728
-0.019802
-0.018911
-0.018057
-0.017242
-0.016470
-0.015741
-0.015059
-0.014424
-0.013839
-0.013305
-0.012824
-0.012396
-0.012023
-0.011706
-0.011446
-0.011243
-0.011098
-0.011012
-0.010983
-0.011013
-0.011101
-0.011247
-0.011450
-0.011710
-0.012027
-0.012398
-0.012823
-0.013301
-0.013830
-0.014409
-0.015036
-0.015709
-0.016427
-0.017187
-0.017988
-0.018826
-0.019699
-0.020606
-0.021543
-0.022508
-0.023498
-0.024510
-0.025542
-0.026589
-0.027650
-0.028721
-0.029800
-0.030883
-0.031966
-0.033048
-0.034124
-0.035192
-0.036249
-0.037292
-0.038317
-0.039321
-0.040303
-0.041258
-0.042184
-0.043079
-0.043940
-0.044764
-0.045549
-0.046293
-0.046994
-0.047649
-0.048257
-0.048816
-0.049324
-0.049781
-0.050183
-0.050532
-0.050825
-0.051061
-0.051241
-0.051364
-0.051428
-0.051435
-0.051384
-0.051276
-0.051111
-0.050889
-0.050611
-0.050278
-0.049891
-0.049452
-0.048962
-0.048421
-0.047833
-0.047198
-0.046518
-0.045797
-0.045035
-0.044235
-0.043400
-0.042532
-0.041634
-0.040707
-0.039756
-0.038783
-0.037790
-0.036781
-0.035759
-0.034726
-0.033685
-0.032640
-0.031594
-0.030549
-0.029508
-0.028476
-0.027453
-0.026444
-0.025451
-0.024478
-0.023525
-0.022598
-0.021697
-0.020826
-0.019987
-0.019182
-0.018414
-0.017684
-0.016994
-0.016348
-0.015745
-0.015188
-0.014679
-0.014218
-0.013807
-0.013447
-0.013139
-0.012884
-0.012682
-0.012534
-0.012440
-0.012401
-0.012416
-0.012485
-0.012609
-0.012786
-0.013016
-0.013298
-0.013633
-0.014017
-0.014452
-0.014934
-0.015463
-0.016038
-0.016656
-0.017316
-0.018015
-0.018753
-0.019527
-0.020334
-0.021172
-0.022040
-0.022934
-0.023851
-0.024790
-0.025748
-0.026721
-0.027708
-0.028704
-0.029708
-0.030717
-0.031727
-0.032736
-0.033740
-0.034738
-0.035725
-0.036700
-0.037659
-0.038600
-0.039519
-0.040415
-0.041285
-0.042126
-0.042935
-0.043711
-0.044451
-0.045154
-0.045816
-0.046436
-0.047013
-0.047544
-0.048029
-0.048465
-0.048852
-0.049189
-0.049474
-0.049706
-0.049886
-0.050013
-0.050086
-0.050105
-0.050070
-0.049982
-0.049840
-0.049645
-0.049399
-0.049101
-0.048752
-0.048355
-0.047909
-0.047416
-0.046878
-0.046297
-0.045674
-0.045010
-0.044309
-0.043573
-0.042802
-0.042000
-0.041170
-0.040313
-0.039432
-0.038529
-0.037608
-0.036671
-0.035721
-0.034761
-0.033792
-0.032819
-0.031844
-0.030869
-0.029898
-0.028934
-0.027978
-0.027034
-0.026105
-0.025193
-0.024300
-0.023430
-0.022584
-0.021765
-0.020975
-0.020217
-0.019492
-0.018803
-0.018151
-0.017538
-0.016967
-0.016437
-0.015951
-0.015511
-0.015117
-0.014770
-0.014471
-0.014221
-0.014021
-0.013872
-0.013772
-0.013724
-0.013726
-0.013779
-0.013882
-0.014035
-0.014239
-0.014491
-0.014791
-0.015139
-0.015534
-0.015973
-0.016457
-0.016983
-0.017550
-0.018156
-0.018801
-0.019480
-0.020194
-0.020940
-0.021715
-0.022518
-0.023346
-0.024196
-0.025067
-0.025956
-0.026860
-0.027777
-0.028704
-0.029639
-0.030578
-0.031520
-0.032460
-0.033398
-0.034329
-0.035252
-0.036163
-0.037060
-0.037941
-0.038803
-0.039643
-0.040459
-0.041249
-0.042010
-0.042740
-0.043438
-0.044100
-0.044726
-0.045313
-0.045860
-0.046365
-0.046826
-0.047243
-0.047614
-0.047939
-0.048215
-0.048443
-0.048622
-0.048752
-0.048831
-0.048861
-0.048840
-0.048769
-0.048649
-0.048479
-0.048260
-0.047994
-0.047680
-0.047320
-0.046915
-0.046466
-0.045975
-0.045443
-0.044871
-0.044262
-0.043617
-0.042938
-0.042227
-0.041487
-0.040719
-0.039926
-0.039110
-0.038274
-0.037420
-0.036550
-0.035667
-0.034774
-0.033873
-0.032967
-0.032058
-0.031149
-0.030243
-0.029342
-0.028449
-0.027567
-0.026697
-0.025843
-0.025006
-0.024189
-0.023395
-0.022626
-0.021883
-0.021169
-0.020485
-0.019835
-0.019219
-0.018639
-0.018096
-0.017593
-0.017131
-0.016710
-0.016332
-0.015998
-0.015709
-0.015466
-0.015268
-0.015118
-0.015014
-0.014958
-0.014949
-0.014987
-0.015073
-0.015205
-0.015384
-0.015609
-0.015879
-0.016193
-0.016551
-0.016951
-0.017393
-0.017874
-0.018394
-0.018952
-0.019544
-0.020171
-0.020829
-0.021518
-0.022234
-0.022977
-0.023744
-0.024532
-0.025340
-0.026165
-0.027005
-0.027857
-0.028719
-0.029589
-0.030464
-0.031341
-0.032218
-0.033093
-0.033962
-0.034824
-0.035676
-0.036516
-0.037340
-0.038147
-0.038935
-0.039701
-0.040442
-0.041158
-0.041845
-0.042502
-0.043127
-0.043718
-0.044273
-0.044791
-0.045270
-0.045710
-0.046108
-0.046463
-0.046776
-0.047043
-0.047266
-0.047444
-0.047575
-0.047660
-0.047698
-0.047689
-0.047634
-0.047532
-0.047385
-0.047192
-0.046954
-0.046672
-0.046346
-0.045978
-0.045570
-0.045121
-0.044634
-0.044110
-0.043550
-0.042957
-0.042331
-0.041676
-0.040992
-0.040283
-0.039549
-0.038794
-0.038018
-0.037226
-0.036419
-0.035598
-0.034768
-0.033930
-0.033086
-0.032240
-0.031392
-0.030547
-0.029706
-0.028872
-0.028047
-0.027233
-0.026433
-0.025649
-0.024883
-0.024138
-0.023415
-0.022716
-0.022044
-0.021400
-0.020786
-0.020204
-0.019655
-0.019141
-0.018664
-0.018223
-0.017822
-0.017460
-0.017139
-0.016860
-0.016623
-0.016429
-0.016279
-0.016172
-0.016109
-0.016090
-0.016116
-0.016186
-0.016299
-0.016456
-0.016656
-0.016898
-0.017182
-0.017506
-0.017871
-0.018274
-0.018714
-0.019191
-0.019703
-0.020248
-0.020825
-0.021433
-0.022068
-0.022731
-0.023418
-0.024128
-0.024858
-0.025608
-0.026373
-0.027153
-0.027945
-0.028747
-0.029556
-0.030371
-0.031188
-0.032006
-0.032822
-0.033633
-0.034438
-0.035235
-0.036020
-0.036792
-0.037548
-0.038286
-0.039004
-0.039700
-0.040373
-0.041019
-0.041638
-0.042227
-0.042785
-0.043310
-0.043800
-0.044255
-0.044673
-0.045053
-0.045393
-0.045693
-0.045952
-0.046170
-0.046345
-0.046477
-0.046565
-0.046611
-0.046613
-0.046571
-0.046487
-0.046359
-0.046189
-0.045977
-0.045723
-0.045429
-0.045095
-0.044723
-0.044314
-0.043868
-0.043388
-0.042874
-0.042328
-0.041752
-0.041148
-0.040517
-0.039861
-0.039182
-0.038483
-0.037765
-0.037030
-0.036280
-0.035519
-0.034747
-0.033967
-0.033182
-0.032393
-0.031603
-0.030815
-0.030030
-0.029251
-0.028479
-0.027718
-0.026969
-0.026235
-0.025517
-0.024817
-0.024138
-0.023481
-0.022849
-0.022242
-0.021663
-0.021114
-0.020595
-0.020108
-0.019654
-0.019236
-0.018853
-0.018507
-0.018199
-0.017930
-0.017700
-0.017510
-0.017360
-0.017251
-0.017183
-0.017156
-0.017171
-0.017226
-0.017323
-0.017460
-0.017637
-0.017854
-0.018110
-0.018404
-0.018735
-0.019103
-0.019506
-0.019943
-0.020413
-0.020914
-0.021446
-0.022006
-0.022593
-0.023205
-0.023840
-0.024498
-0.025175
-0.025869
-0.026580
-0.027304
-0.028040
-0.028786
-0.029538
-0.030297
-0.031058
-0.031820
-0.032581
-0.033339
-0.034091
-0.034835
-0.035569
-0.036291
-0.036999
-0.037691
-0.038365
-0.039018
-0.039650
-0.040258
-0.040840
-0.041396
-0.041922
-0.042418
-0.042883
-0.043314
-0.043711
-0.044073
-0.044399
-0.044687
-0.044937
-0.045148
-0.045320
-0.045452
-0.045544
-0.045596
-0.045607
-0.045577
-0.045507
-0.045398
-0.045248
-0.045059
-0.044832
-0.044566
-0.044264
-0.043925
-0.043552
-0.043144
-0.042704
-0.042232
-0.041730
-0.041200
-0.040642
-0.040060
-0.039454
-0.038827
-0.038179
-0.037514
-0.036832
-0.036137
-0.035429
-0.034712
-0.033987
-0.033256
-0.032522
-0.031786
-0.031050
-0.030318
-0.029590
-0.028869
-0.028157
-0.027456
-0.026768
-0.026095
-0.025439
-0.024801
-0.024184
-0.023589
-0.023018
-0.022472
-0.021953
-0.021462
-0.021002
-0.020572
-0.020174
-0.019809
-0.019479
-0.019183
-0.018924
-0.018701
-0.018515
-0.018367
-0.018256
-0.018184
-0.018151
-0.018156
-0.018199
-0.018280
-0.018399
-0.018556
-0.018750
-0.018980
-0.019247
-0.019548
-0.019883
-0.020251
-0.020652
-0.021083
-0.021544
-0.022034
-0.022550
-0.023092
-0.023657
-0.024245
-0.024853
-0.025480
-0.026124
-0.026784
-0.027456
-0.028140
-0.028833
-0.029533
-0.030239
-0.030948
-0.031659
-0.032369
-0.033075
-0.033778
-0.034473
-0.035159
-0.035835
-0.036498
-0.037146
-0.037778
-0.038391
-0.038985
-0.039556
-0.040104
-0.040627
-0.041124
-0.041593
-0.042032
-0.042441
-0.042819
-0.043163
-0.043474
-0.043751
-0.043992
-0.044197
-0.044365
-0.044497
-0.044591
-0.044647
-0.044666
-0.044647
-0.044591
-0.044497
-0.044366
-0.044198
-0.043994
-0.043755
-0.043481
-0.043173
-0.042832
-0.042460
-0.042056
-0.041623
-0.041162
-0.040674
-0.040160
-0.039623
-0.039063
-0.038482
-0.037883
-0.037267
-0.036635
-0.035990
-0.035333
-0.034666
-0.033992
-0.033312
-0.032628
-0.031942
-0.031256
-0.030573
-0.029893
-0.029220
-0.028554
-0.027898
-0.027254
-0.026623
-0.026008
-0.025409
-0.024829
-0.024270
-0.023732
-0.023217
-0.022728
-0.022264
-0.021828
-0.021421
-0.021043
-0.020696
-0.020380
-0.020097
-0.019848
-0.019632
-0.019451
-0.019305
-0.019194
-0.019118
-0.019079
-0.019075
-0.019107
-0.019175
-0.019278
-0.019417
-0.019590
-0.019797
-0.020038
-0.020311
-0.020617
-0.020954
-0.021320
-0.021716
-0.022140
-0.022590
-0.023066
-0.023566
-0.024088
-0.024632
-0.025195
-0.025776
-0.026373
-0.026984
-0.027608
-0.028244
-0.028888
-0.029539
-0.030196
-0.030857
-0.031519
-0.032181
-0.032840
-0.033496
-0.034145
-0.034787
-0.035419
-0.036040
-0.036647
-0.037239
-0.037815
-0.038372
-0.038909
-0.039425
-0.039918
-0.040386
-0.040829
-0.041245
-0.041632
-0.041990
-0.042318
-0.042615
-0.042880
-0.043112
-0.043311
-0.043475
-0.043606
-0.043701
-0.043762
-0.043787
-0.043777
-0.043733
-0.043653
-0.043539
-0.043390
-0.043208
-0.042992
-0.042744
-0.042464
-0.042154
-0.041813
-0.041444
-0.041046
-0.040622
-0.040173
-0.039700
-0.039204
-0.038687
-0.038150
-0.037596
-0.037025
-0.036439
-0.035840
-0.035231
-0.034611
-0.033984
-0.033352
-0.032715
-0.032076
-0.031437
-0.030799
-0.030164
-0.029535
-0.028913
-0.028299
-0.027696
-0.027105
-0.026528
-0.025966
-0.025421
-0.024895
-0.024389
-0.023905
-0.023443
-0.023005
-0.022592
-0.022206
-0.021848
-0.021517
-0.021217
-0.020946
-0.020706
-0.020498
-0.020321
-0.020178
-0.020067
-0.019989
-0.019945
-0.019934
-0.019956
-0.020012
-0.020101
-0.020223
-0.020377
-0.020563
-0.020780
-0.021029
-0.021307
-0.021614
-0.021950
-0.022313
-0.022703
-0.023117
-0.023556
-0.024017
-0.024499
-0.025002
-0.025522
-0.026060
-0.026614
-0.027181
-0.027760
-0.028350
-0.028949
-0.029555
-0.030166
-0.030781
-0.031398
-0.032015
-0.032631
-0.033243
-0.033849
-0.034449
-0.035040
-0.035621
-0.036190
-0.036745
-0.037285
-0.037808
-0.038313
-0.038798
-0.039263
-0.039704
-0.040122
-0.040515
-0.040882
-0.041222
-0.041534
-0.041817
-0.042071
-0.042294
-0.042486
-0.042646
-0.042775
-0.042871
-0.042935
-0.042966
-0.042964
-0.042930
-0.042863
-0.042763
-0.042632
-0.042469
-0.042275
-0.042051
-0.041797
-0.041514
-0.041203
-0.040864
-0.040500
-0.040110
-0.039697
-0.039261
-0.038804
-0.038326
-0.037830
-0.037317
-0.036788
-0.036245
-0.035690
-0.035124
-0.034549
-0.033966
-0.033377
-0.032784
-0.032189
-0.031593
-0.030998
-0.030406
-0.029818
-0.029237
-0.028663
-0.028098
-0.027545
-0.027004
-0.026477
-0.025965
-0.025471
-0.024994
-0.024538
-0.024102
-0.023689
-0.023299
-0.022933
-0.022593
-0.022279
-0.021993
-0.021734
-0.021504
-0.021303
-0.021132
-0.020991
-0.020880
-0.020801
-0.020753
-0.020735
-0.020749
-0.020794
-0.020870
-0.020977
-0.021114
-0.021281
-0.021477
-0.021702
-0.021956
-0.022236
-0.022544
-0.022877
-0.023234
-0.023615
-0.024019
-0.024445
-0.024890
-0.025354
-0.025836
-0.026334
-0.026847
-0.027373
-0.027911
-0.028459
-0.029015
-0.029579
-0.030147
-0.030720
-0.031295
-0.031870
-0.032444
-0.033015
-0.033582
-0.034143
-0.034695
-0.035239
-0.035772
-0.036292
-0.036799
-0.037290
-0.037764
-0.038220
-0.038657
-0.039074
-0.039468
-0.039839
-0.040187
-0.040509
-0.040806
-0.041076
-0.041318
-0.041532
-0.041718
-0.041874
-0.042000
-0.042097
-0.042163
-0.042199
-0.042204
-0.042179
-0.042123
-0.042037
-0.041921
-0.041776
-0.041602
-0.041399
-0.041169
-0.040911
-0.040627
-0.040317
-0.039983
-0.039625
-0.039245
-0.038843
-0.038421
-0.037981
-0.037522
-0.037047
-0.036558
-0.036055
-0.035540
-0.035015
-0.034480
-0.033938
-0.033391
-0.032839
-0.032285
-0.031729
-0.031175
-0.030622
-0.030073
-0.029529
-0.028993
-0.028464
-0.027946
-0.027438
-0.026944
-0.026464
-0.025999
-0.025551
-0.025122
-0.024711
-0.024321
-0.023952
-0.023606
-0.023284
-0.022986
-0.022712
-0.022465
-0.022245
-0.022051
-0.021885
-0.021748
-0.021638
-0.021558
-0.021506
-0.021484
-0.021490
-0.021526
-0.021590
-0.021683
-0.021805
-0.021954
-0.022131
-0.022335
-0.022565
-0.022821
-0.023102
-0.023408
-0.023736
-0.024087
-0.024459
-0.024851
-0.025262
-0.025691
-0.026137
-0.026598
-0.027073
-0.027561
-0.028059
-0.028568
-0.029085
-0.029609
-0.030138
-0.030672
-0.031207
-0.031743
-0.032279
-0.032812
-0.033341
-0.033865
-0.034382
-0.034890
-0.035389
-0.035877
-0.036352
-0.036813
-0.037258
-0.037687
-0.038099
-0.038491
-0.038863
-0.039214
-0.039543
-0.039848
-0.040130
-0.040387
-0.040619
-0.040824
-0.041003
-0.041154
-0.041278
-0.041375
-0.041442
-0.041482
-0.041493
-0.041476
-0.041430
-0.041357
-0.041255
-0.041126
-0.040970
-0.040787
-0.040578
-0.040343
-0.040084
-0.039801
-0.039494
-0.039166
-0.038816
-0.038446
-0.038057
-0.037650
-0.037226
-0.036787
-0.036334
-0.035868
-0.035391
-0.034903
-0.034407
-0.033903
-0.033394
-0.032881
-0.032364
-0.031847
-0.031329
-0.030814
-0.030301
-0.029793
-0.029291
-0.028797
-0.028311
-0.027836
-0.027372
-0.026922
-0.026485
-0.026064
-0.025660
-0.025273
-0.024905
-0.024556
-0.024229
-0.023923
-0.023640
-0.023380
-0.023144
-0.022933
-0.022747
-0.022586
-0.022452
-0.022344
-0.022263
-0.022209
-0.022182
-0.022182
-0.022209
-0.022263
-0.022344
-0.022452
-0.022585
-0.022744
-0.022929
-0.023138
-0.023372
-0.023629
-0.023908
-0.024210
-0.024532
-0.024875
-0.025236
-0.025616
-0.026012
-0.026424
-0.026851
-0.027291
-0.027743
-0.028206
-0.028678
-0.029159
-0.029646
-0.030138
-0.030634
-0.031133
-0.031633
-0.032132
-0.032629
-0.033124
-0.033613
-0.034096
-0.034572
-0.035039
-0.035496
-0.035941
-0.036374
-0.036792
-0.037196
-0.037583
-0.037952
-0.038303
-0.038635
-0.038946
-0.039235
-0.039503
-0.039748
-0.039969
-0.040165
-0.040338
-0.040484
-0.040606
-0.040701
-0.040770
-0.040813
-0.040829
-0.040819
-0.040783
-0.040720
-0.040631
-0.040516
-0.040376
-0.040211
-0.040022
-0.039808
-0.039572
-0.039313
-0.039032
-0.038730
-0.038409
-0.038068
-0.037710
-0.037334
-0.036943
-0.036537
-0.036117
-0.035685
-0.035243
-0.034790
-0.034329
-0.033862
-0.033388
-0.032910
-0.032430
-0.031947
-0.031465
-0.030984
-0.030505
-0.030031
-0.029562
-0.029099
-0.028645
-0.028199
-0.027765
-0.027342
-0.026932
-0.026536
-0.026155
-0.025791
-0.025444
-0.025115
-0.024805
-0.024516
-0.024247
-0.023999
-0.023774
-0.023572
-0.023393
-0.023239
-0.023108
-0.023002
-0.022921
-0.022865
-0.022834
-0.022828
-0.022848
-0.022893
-0.022963
-0.023057
-0.023176
-0.023320
-0.023487
-0.023677
-0.023889
-0.024124
-0.024380
-0.024657
-0.024953
-0.025268
-0.025601
-0.025952
-0.026318
-0.026699
-0.027094
-0.027501
-0.027920
-0.028350
-0.028788
-0.029234
-0.029687
-0.030145
-0.030607
-0.031071
-0.031537
-0.032002
-0.032467
-0.032928
-0.033385
-0.033837
-0.034282
-0.034719
-0.035147
-0.035565
-0.035971
-0.036364
-0.036743
-0.037107
-0.037455
-0.037786
-0.038099
-0.038393
-0.038667
-0.038921
-0.039154
-0.039365
-0.039553
-0.039719
-0.039861
-0.039979
-0.040073
-0.040143
-0.040188
-0.040209
-0.040205
-0.040176
-0.040123
-0.040046
-0.039944
-0.039819
-0.039670
-0.039499
-0.039305
-0.039089
-0.038853
-0.038595
-0.038319
-0.038023
-0.037709
-0.037379
-0.037032
-0.036671
-0.036296
-0.035907
-0.035507
-0.035097
-0.034677
-0.034249
-0.033815
-0.033375
-0.032930
-0.032483
-0.032033
-0.031584
-0.031135
-0.030688
-0.030245
-0.029806
-0.029374
-0.028948
-0.028531
-0.028124
-0.027727
-0.027342
-0.026970
-0.026612
-0.026268
-0.025941
-0.025631
-0.025338
-0.025064
-0.024809
-0.024574
-0.024359
-0.024166
-0.023995
-0.023845
-0.023718
-0.023614
-0.023533
-0.023476
-0.023442
-0.023432
-0.023445
-0.023481
-0.023541
-0.023624
-0.023730
-0.023859
-0.024010
-0.024182
-0.024376
-0.024590
-0.024825
-0.025078
-0.025351
-0.025641
-0.025948
-0.026271
-0.026609
-0.026961
-0.027326
-0.027704
-0.028092
-0.028490
-0.028897
-0.029312
-0.029732
-0.030158
-0.030588
-0.031021
-0.031454
-0.031889
-0.032322
-0.032752
-0.033179
-0.033602
-0.034018
-0.034427
-0.034828
-0.035219
-0.035600
-0.035969
-0.036325
-0.036667
-0.036995
-0.037307
-0.037602
-0.037880
-0.038140
-0.038381
-0.038602
-0.038803
-0.038984
-0.039143
-0.039280
-0.039395
-0.039488
-0.039558
-0.039605
-0.039630
-0.039631
-0.039609
-0.039565
-0.039498
-0.039408
-0.039296
-0.039163
-0.039007
-0.038831
-0.038635
-0.038419
-0.038183
-0.037929
-0.037658
-0.037369
-0.037064
-0.036745
-0.036411
-0.036064
-0.035705
-0.035334
-0.034954
-0.034565
-0.034167
-0.033764
-0.033354
-0.032941
-0.032524
-0.032106
-0.031687
-0.031268
-0.030851
-0.030437
-0.030027
-0.029623
-0.029225
-0.028834
-0.028452
-0.028080
-0.027718
-0.027369
-0.027032
-0.026709
-0.026401
-0.026108
-0.025831
-0.025571
-0.025330
-0.025106
-0.024902
-0.024718
-0.024553
-0.024409
-0.024286
-0.024184
-0.024104
-0.024046
-0.024009
-0.023995
-0.024002
-0.024031
-0.024082
-0.024155
-0.024249
-0.024365
-0.024501
-0.024657
-0.024833
-0.025029
-0.025243
-0.025476
-0.025726
-0.025993
-0.026276
-0.026573
-0.026886
-0.027211
-0.027549
-0.027899
-0.028258
-0.028628
-0.029005
-0.029390
-0.029781
-0.030177
-0.030577
-0.030980
-0.031384
-0.031789
-0.032192
-0.032594
-0.032993
-0.033388
-0.033777
-0.034160
-0.034535
-0.034902
-0.035259
-0.035605
-0.035940
-0.036262
-0.036571
-0.036865
-0.037143
-0.037406
-0.037652
-0.037880
-0.038091
-0.038282
-0.038454
-0.038607
-0.038739
-0.038851
-0.038942
-0.039012
-0.039061
-0.039088
-0.039094
-0.039079
-0.039042
-0.038984
-0.038906
-0.038806
-0.038686
-0.038546
-0.038386
-0.038207
-0.038009
-0.037794
-0.037561
-0.037311
-0.037046
-0.036765
-0.036471
-0.036162
-0.035842
-0.035509
-0.035166
-0.034814
-0.034453
-0.034084
-0.033709
-0.033329
-0.032944
-0.032556
-0.032167
-0.031776
-0.031386
-0.030997
-0.030610
-0.030227
-0.029849
-0.029476
-0.029111
-0.028753
-0.028404
-0.028064
-0.027736
-0.027419
-0.027115
-0.026825
-0.026548
-0.026287
-0.026041
-0.025812
-0.025600
-0.025406
-0.025230
-0.025072
-0.024934
-0.024815
-0.024715
-0.024636
-0.024577
-0.024539
-0.024520
-0.024523
-0.024546
-0.024589
-0.024652
-0.024735
-0.024839
-0.024961
-0.025103
-0.025263
-0.025442
-0.025638
-0.025851
-0.026080
-0.026326
-0.026586
-0.026861
-0.027149
-0.027450
-0.027762
-0.028086
-0.028419
-0.028762
-0.029112
-0.029469
-0.029833
-0.030201
-0.030573
-0.030948
-0.031324
-0.031701
-0.032078
-0.032453
-0.032825
-0.033194
-0.033558
-0.033917
-0.034268
-0.034612
-0.034946
-0.035271
-0.035586
-0.035888
-0.036179
-0.036456
-0.036719
-0.036967
-0.037199
-0.037416
-0.037616
-0.037798
-0.037963
-0.038109
-0.038236
-0.038345
-0.038434
-0.038504
-0.038553
-0.038583
-0.038593
-0.038583
-0.038553
-0.038504
-0.038435
-0.038346
-0.038238
-0.038112
-0.037967
-0.037804
-0.037624
-0.037427
-0.037213
-0.036984
-0.036740
-0.036481
-0.036210
-0.035925
-0.035629
-0.035321
-0.035004
-0.034677
-0.034342
-0.034000
-0.033652
-0.033298
-0.032941
-0.032580
-0.032217
-0.031853
-0.031489
-0.031126
-0.030765
-0.030407
-0.030054
-0.029705
-0.029363
-0.029028
-0.028700
-0.028382
-0.028073
-0.027776
-0.027490
-0.027216
-0.026955
-0.026708
-0.026476
-0.026259
-0.026058
-0.025873
-0.025705
-0.025554
-0.025421
-0.025306
-0.025210
-0.025132
-0.025072
-0.025032
-0.025011
-0.025009
-0.025026
-0.025062
-0.025117
-0.025191
-0.025283
-0.025393
-0.025521
-0.025667
-0.025830
-0.026009
-0.026204
-0.026415
-0.026640
-0.026880
-0.027133
-0.027399
-0.027677
-0.027966
-0.028265
-0.028574
-0.028892
-0.029217
-0.029548
-0.029886
-0.030228
-0.030574
-0.030923
-0.031274
-0.031625
-0.031977
-0.032327
-0.032674
-0.033019
-0.033359
-0.033694
-0.034023
-0.034345
-0.034659
-0.034964
-0.035259
-0.035544
-0.035817
-0.036078
-0.036326
-0.036560
-0.036780
-0.036985
-0.037175
-0.037348
-0.037505
-0.037645
-0.037768
-0.037873
-0.037960
-0.038029
-0.038080
-0.038112
-0.038125
-0.038120
-0.038096
-0.038054
-0.037993
-0.037915
-0.037818
-0.037704
-0.037573
-0.037425
-0.037260
-0.037080
-0.036885
-0.036674
-0.036450
-0.036212
-0.035961
-0.035698
-0.035425
-0.035140
-0.034846
-0.034544
-0.034233
-0.033916
-0.033593
-0.033264
-0.032932
-0.032596
-0.032258
-0.031919
-0.031580
-0.031241
-0.030904
-0.030570
-0.030239
-0.029913
-0.029593
-0.029279
-0.028972
-0.028673
-0.028384
-0.028104
-0.027835
-0.027577
-0.027331
-0.027098
-0.026879
-0.026673
-0.026482
-0.026306
-0.026146
-0.026002
-0.025874
-0.025764
-0.025670
-0.025593
-0.025534
-0.025493
-0.025469
-0.025463
-0.025475
-0.025505
-0.025552
-0.025617
-0.025699
-0.025798
-0.025914
-0.026046
-0.026195
-0.026358
-0.026537
-0.026730
-0.026938
-0.027158
-0.027392
-0.027637
-0.027894
-0.028161
-0.028438
-0.028724
-0.029018
-0.029319
-0.029627
-0.029941
-0.030259
-0.030581
-0.030906
-0.031232
-0.031560
-0.031887
-0.032214
-0.032538
-0.032860
-0.033178
-0.033492
-0.033800
-0.034101
-0.034395
-0.034682
-0.034959
-0.035226
-0.035483
-0.035729
-0.035963
-0.036184
-0.036392
-0.036586
-0.036766
-0.036931
-0.037081
-0.037215
-0.037333
-0.037434
-0.037519
-0.037587
-0.037638
-0.037671
-0.037688
-0.037687
-0.037668
-0.037633
-0.037580
-0.037511
-0.037424
-0.037322
-0.037203
-0.037068
-0.036918
-0.036753
-0.036574
-0.036381
-0.036175
-0.035956
-0.035725
-0.035483
-0.035230
-0.034967
-0.034695
-0.034414
-0.034127
-0.033832
-0.033532
-0.033227
-0.032918
-0.032606
-0.032291
-0.031975
-0.031659
-0.031343
-0.031029
-0.030716
-0.030407
-0.030103
-0.029803
-0.029508
-0.029221
-0.028941
-0.028669
-0.028406
-0.028153
-0.027910
-0.027678
-0.027459
-0.027251
-0.027057
-0.026876
-0.026709
-0.026556
-0.026418
-0.026296
-0.026189
-0.026098
-0.026023
-0.025964
-0.025922
-0.025896
-0.025887
-0.025895
-0.025919
-0.025959
-0.026016
-0.026089
-0.026178
-0.026283
-0.026403
-0.026538
-0.026687
-0.026851
-0.027028
-0.027218
-0.027421
-0.027636
-0.027863
-0.028100
-0.028347
-0.028603
-0.028868
-0.029140
-0.029420
-0.029706
-0.029997
-0.030292
-0.030592
-0.030894
-0.031198
-0.031503
-0.031808
-0.032113
-0.032416
-0.032717
-0.033014
-0.033307
-0.033595
-0.033878
-0.034154
-0.034422
-0.034682
-0.034933
-0.035175
-0.035406
-0.035627
-0.035836
-0.036032
-0.036216
-0.036387
-0.036543
-0.036686
-0.036814
-0.036928
-0.037025
-0.037108
-0.037175
-0.037226
-0.037260
-0.037279
-0.037282
-0.037268
-0.037239
-0.037193
-0.037132
-0.037055
-0.036962
-0.036855
-0.036733
-0.036596
-0.036446
-0.036282
-0.036104
-0.035915
-0.035713
-0.035500
-0.035277
-0.035043
-0.034800
-0.034549
-0.034289
-0.034022
-0.033749
-0.033471
-0.033187
-0.032900
-0.032609
-0.032316
-0.032022
-0.031727
-0.031433
-0.031140
-0.030848
-0.030559
-0.030274
-0.029994
-0.029718
-0.029449
-0.029186
-0.028931
-0.028684
-0.028446
-0.028217
-0.027999
-0.027792
-0.027596
-0.027412
-0.027240
-0.027081
-0.026936
-0.026805
-0.026687
-0.026584
-0.026496
-0.026423
-0.026365
-0.026322
-0.026295
-0.026283
-0.026287
-0.026306
-0.026340
-0.026390
-0.026455
-0.026534
-0.026629
-0.026737
-0.026860
-0.026996
-0.027146
-0.027309
-0.027483
-0.027670
-0.027868
-0.028077
-0.028296
-0.028524
-0.028761
-0.029006
-0.029259
-0.029518
-0.029783
-0.030053
-0.030328
-0.030606
-0.030888
-0.031171
-0.031455
-0.031739
-0.032024
-0.032306
-0.032587
-0.032865
-0.033139
-0.033409
-0.033673
-0.033932
-0.034183
-0.034428
-0.034664
-0.034891
-0.035109
-0.035316
-0.035513
-0.035699
-0.035873
-0.036035
-0.036184
-0.036320
-0.036442
-0.036551
-0.036645
-0.036725
-0.036791
-0.036841
-0.036877
-0.036898
-0.036904
-0.036894
-0.036870
-0.036831
-0.036777
-0.036708
-0.036625
-0.036528
-0.036417
-0.036293
-0.036156
-0.036005
-0.035843
-0.035669
-0.035483
-0.035287
-0.035081
-0.034865
-0.034641
-0.034408
-0.034168
-0.033920
-0.033667
-0.033409
-0.033145
-0.032878
-0.032608
-0.032336
-0.032062
-0.031787
-0.031512
-0.031238
-0.030966
-0.030697
-0.030430
-0.030167
-0.029910
-0.029657
-0.029411
-0.029171
